-0.5 -0.5 9.65824e-05 0.94 
-0.5 -1 8.0896e-05 -1.06 
-0.5 -1.5 6.90794e-05 31.94 
-0.5 -2 6.39656e-05 49.94 
-0.5 -2.5 5.85563e-05 59.94 
-0.5 -3 5.7028e-05 71.94 
-0.5 -3.5 5.4178e-05 77.94 
-0.5 -4 5.09582e-05 107.94 
-0.5 -4.5 5.04509e-05 104.94 
-0.5 0 9.64579e-05 -2.06 
-0.5 0.5 8.73315e-05 -12.06 
-0.5 1 7.71362e-05 -13.06 
-0.5 1.5 7.04592e-05 -35.06 
-0.5 2 6.34466e-05 -39.06 
-0.5 2.5 6.20497e-05 -59.06 
-0.5 3 5.98105e-05 -71.06 
-0.5 3.5 5.77195e-05 -80.06 
-0.5 4 5.56774e-05 -95.06 
-0.5 4.5 5.45032e-05 -103.06 
-1 -0.5 7.97602e-05 -7.06 
-1 -1 7.34384e-05 -12.06 
-1 -1.5 7.00771e-05 35.94 
-1 -2 6.28209e-05 41.94 
-1 -2.5 5.73969e-05 63.94 
-1 -3 5.69774e-05 69.94 
-1 -3.5 5.58967e-05 83.94 
-1 -4 5.59561e-05 90.94 
-1 -4.5 5.16277e-05 92.94 
-1 0 8.30895e-05 -9.06 
-1 0.5 8.12552e-05 -17.06 
-1 1 7.48107e-05 -21.06 
-1 1.5 6.70675e-05 -44.06 
-1 2 6.30843e-05 -53.06 
-1 2.5 6.1976e-05 -66.06 
-1 3 5.99792e-05 -79.06 
-1 3.5 5.79393e-05 -90.06 
-1 4 5.61154e-05 -98.06 
-1 4.5 5.40022e-05 -112.06 
-1.5 -0.5 6.78848e-05 -29.06 
-1.5 -1 6.17928e-05 14.94 
-1.5 -1.5 5.8363e-05 34.94 
-1.5 -2 5.90906e-05 36.94 
-1.5 -2.5 5.41307e-05 57.94 
-1.5 -3 5.05876e-05 72.94 
-1.5 -3.5 5.17031e-05 81.94 
-1.5 -4 5.13822e-05 90.94 
-1.5 -4.5 5.03993e-05 95.94 
-1.5 0 7.14229e-05 -29.06 
-1.5 0.5 7.29593e-05 -31.06 
-1.5 1 7.18776e-05 -30.06 
-1.5 1.5 6.22804e-05 -33.06 
-1.5 2 6.07994e-05 -60.06 
-1.5 2.5 5.85611e-05 -75.06 
-1.5 3 5.6621e-05 -85.06 
-1.5 3.5 5.52209e-05 -101.06 
-1.5 4 5.42099e-05 -109.06 
-1.5 4.5 5.19851e-05 -124.06 
-2 -0.5 6.36852e-05 -43.06 
-2 -1 5.68663e-05 10.94 
-2 -1.5 5.92675e-05 6.94 
-2 -2 5.34703e-05 21.94 
-2 -2.5 5.10976e-05 41.32 
-2 -3 5.42888e-05 44.94 
-2 -3.5 4.99742e-05 53.94 
-2 -4 4.61202e-05 63.94 
-2 -4.5 4.51181e-05 88.94 
-2 0 6.80019e-05 -45.06 
-2 0.5 6.9713e-05 -41.06 
-2 1 6.72524e-05 -41.06 
-2 1.5 6.01073e-05 -46.06 
-2 2 5.8555e-05 -72.06 
-2 2.5 5.62823e-05 -82.06 
-2 3 5.51287e-05 -96.06 
-2 3.5 5.42331e-05 -106.06 
-2 4 5.24759e-05 -119.06 
-2 4.5 5.29175e-05 -133.06 
-2.5 -0.5 5.92391e-05 -57.06 
-2.5 -1 5.35059e-05 -62.06 
-2.5 -1.5 5.33378e-05 0.94 
-2.5 -2 5.06098e-05 -1.06 
-2.5 -2.5 5.23697e-05 30.94 
-2.5 -3 4.91554e-05 35.32 
-2.5 -3.5 4.86314e-05 52.7 
-2.5 -4 5.02456e-05 57.94 
-2.5 -4.5 4.46347e-05 52.94 
-2.5 0 6.43493e-05 -55.06 
-2.5 0.5 6.49499e-05 -53.06 
-2.5 1 6.38907e-05 -56.06 
-2.5 1.5 5.9821e-05 -57.06 
-2.5 2 5.63262e-05 -83.06 
-2.5 2.5 5.49671e-05 -98.06 
-2.5 3 5.3868e-05 -104.06 
-2.5 3.5 5.23665e-05 -119.06 
-2.5 4 5.32034e-05 -131.06 
-2.5 4.5 5.33366e-05 -141.06 
-3 -0.5 5.48523e-05 -68.06 
-3 -1 5.1527e-05 -74.06 
-3 -1.5 4.75163e-05 0.94 
-3 -2 4.97721e-05 3.94 
-3 -2.5 4.65606e-05 23.94 
-3 -3 4.65299e-05 32.32 
-3 -3.5 4.88496e-05 40.7 
-3 -4 4.6232e-05 54.7 
-3 -4.5 4.44198e-05 64.7 
-3 0 6.0053e-05 -60.06 
-3 0.5 6.23042e-05 -61.06 
-3 1 6.27217e-05 -71.06 
-3 1.5 5.9097e-05 -72.06 
-3 2 5.63172e-05 -90.06 
-3 2.5 5.52485e-05 -102.06 
-3 3 5.37984e-05 -112.06 
-3 3.5 5.11332e-05 -128.06 
-3 4 5.26163e-05 -143.06 
-3 4.5 5.30118e-05 -151.06 
-3.5 -0.5 5.2869e-05 -87.06 
-3.5 -1 4.87654e-05 -92.06 
-3.5 -1.5 4.46086e-05 -99.06 
-3.5 -2 4.88055e-05 0.94 
-3.5 -2.5 4.52919e-05 2.94 
-3.5 -3 4.42287e-05 26.94 
-3.5 -3.5 4.48087e-05 39.7 
-3.5 -4 4.44639e-05 48.7 
-3.5 -4.5 4.29224e-05 61.7 
-3.5 0 5.69157e-05 -67.06 
-3.5 0.5 6.05143e-05 -74.06 
-3.5 1 6.16676e-05 -79.06 
-3.5 1.5 5.95517e-05 -83.06 
-3.5 2 5.70522e-05 -101.06 
-3.5 2.5 5.64739e-05 -107.06 
-3.5 3 5.26644e-05 -115.06 
-3.5 3.5 5.10578e-05 -136.06 
-3.5 4 5.10933e-05 -151.06 
-3.5 4.5 5.19667e-05 -158.06 
-4 -0.5 5.05404e-05 -99.06 
-4 -1 4.78076e-05 -38.06 
-4 -1.5 4.47527e-05 -115.06 
-4 -2 4.39347e-05 -6.06 
-4 -2.5 4.75029e-05 -3.06 
-4 -3 4.16623e-05 -139.06 
-4 -3.5 4.1319e-05 -144.3 
-4 -4 4.12583e-05 -158.3 
-4 -4.5 4.2016e-05 -164.3 
-4 0 5.66295e-05 -77.06 
-4 0.5 5.85952e-05 -76.06 
-4 1 5.95015e-05 -89.06 
-4 1.5 5.8537e-05 -95.06 
-4 2 5.70138e-05 -109.06 
-4 2.5 5.71862e-05 -117.06 
-4 3 5.45098e-05 -126.06 
-4 3.5 5.21848e-05 -142.06 
-4 4 4.95456e-05 -161.06 
-4 4.5 5.07758e-05 -170.06 
-4.5 -0.5 4.82217e-05 -100.06 
-4.5 -1 4.84487e-05 -47.06 
-4.5 -1.5 4.47288e-05 -126.06 
-4.5 -2 4.21506e-05 -135.06 
-4.5 -2.5 4.56365e-05 -5.06 
-4.5 -3 4.28846e-05 -3.06 
-4.5 -3.5 3.96967e-05 -160.3 
-4.5 -4 4.18751e-05 -173.3 
-4.5 -4.5 4.14945e-05 -180.3 
-4.5 0 5.49534e-05 -87.06 
-4.5 0.5 5.9936e-05 -89.06 
-4.5 1 5.66977e-05 -97.06 
-4.5 1.5 5.62391e-05 -108.06 
-4.5 2 5.53587e-05 -122.06 
-4.5 2.5 5.72687e-05 -125.06 
-4.5 3 5.78827e-05 -134.06 
-4.5 3.5 5.15627e-05 -140.06 
-4.5 4 4.88412e-05 -160.06 
-4.5 4.5 4.90756e-05 -177.06 
0 -0.5 0.000103554 6.94 
0 -1 8.50778e-05 7.94 
0 -1.5 6.7337e-05 23.94 
0 -2 6.47362e-05 43.94 
0 -2.5 6.05407e-05 47.94 
0 -3 5.48084e-05 57.94 
0 -3.5 5.37736e-05 96.94 
0 -4 5.12056e-05 108.94 
0 -4.5 5.00818e-05 119.94 
0 0 0.000105888 6.94 
0 0.5 9.24237e-05 4.94 
0 1 7.85903e-05 -9.06 
0 1.5 7.33308e-05 -22.06 
0 2 6.58881e-05 -36.06 
0 2.5 6.15322e-05 -52.06 
0 3 5.94147e-05 -63.06 
0 3.5 5.68174e-05 -73.06 
0 4 5.335e-05 -85.06 
0 4.5 5.2578e-05 -104.06 
0.5 -0.5 9.13189e-05 8.94 
0.5 -1 8.19609e-05 19.94 
0.5 -1.5 6.49831e-05 32.94 
0.5 -2 6.11773e-05 54.94 
0.5 -2.5 6.0417e-05 60.94 
0.5 -3 5.45164e-05 58.94 
0.5 -3.5 5.14696e-05 88.94 
0.5 -4 4.98771e-05 108.94 
0.5 -4.5 5.0321e-05 121.94 
0.5 0 9.8003e-05 7.94 
0.5 0.5 8.87163e-05 5.94 
0.5 1 7.46829e-05 -6.06 
0.5 1.5 6.97491e-05 -23.06 
0.5 2 6.76635e-05 -32.06 
0.5 2.5 6.12653e-05 -38.06 
0.5 3 5.24211e-05 -65.06 
0.5 3.5 5.19373e-05 -84.06 
0.5 4 5.18196e-05 -98.06 
0.5 4.5 5.11973e-05 -108.06 
1 -0.5 7.71721e-05 27.94 
1 -1 7.0298e-05 28.94 
1 -1.5 6.11189e-05 42.94 
1 -2 5.78299e-05 56.94 
1 -2.5 5.96271e-05 71.94 
1 -3 5.5972e-05 77.94 
1 -3.5 5.1224e-05 94.94 
1 -4 4.8552e-05 107.94 
1 -4.5 4.78044e-05 129.94 
1 0 7.51406e-05 10.94 
1 0.5 7.24756e-05 19.94 
1 1 6.24853e-05 10.94 
1 1.5 6.22656e-05 -26.06 
1 2 6.10337e-05 -38.06 
1 2.5 5.71512e-05 -30.06 
1 3 5.43101e-05 -36.06 
1 3.5 5.0358e-05 -45.06 
1 4 4.95432e-05 -98.06 
1 4.5 4.85679e-05 -112.06 
1.5 -0.5 7.33933e-05 42.94 
1.5 -1 6.57542e-05 44.94 
1.5 -1.5 5.94034e-05 28.94 
1.5 -2 5.47325e-05 72.94 
1.5 -2.5 5.5085e-05 84.94 
1.5 -3 5.43399e-05 87.94 
1.5 -3.5 5.13319e-05 100.94 
1.5 -4 4.79451e-05 113.94 
1.5 -4.5 4.4543e-05 130.94 
1.5 0 7.43084e-05 38.94 
1.5 0.5 6.7838e-05 41.94 
1.5 1 5.79548e-05 27.94 
1.5 1.5 5.49859e-05 -33.06 
1.5 2 5.27695e-05 -49.06 
1.5 2.5 5.26904e-05 -12.06 
1.5 3 5.01142e-05 -20.06 
1.5 3.5 4.61911e-05 -82.06 
1.5 4 4.68703e-05 -53.06 
1.5 4.5 4.54235e-05 -65.06 
2 -0.5 6.91679e-05 51.94 
2 -1 6.41914e-05 55.94 
2 -1.5 5.4584e-05 68.94 
2 -2 5.41206e-05 87.94 
2 -2.5 5.60826e-05 96.94 
2 -3 5.29743e-05 102.94 
2 -3.5 4.90635e-05 112.94 
2 -4 4.54815e-05 128.94 
2 -4.5 4.48581e-05 135.94 
2 0 7.127e-05 46.94 
2 0.5 6.66361e-05 45.94 
2 1 5.49499e-05 46.94 
2 1.5 5.17695e-05 19.94 
2 2 4.84144e-05 85.94 
2 2.5 4.60134e-05 -43.06 
2 3 4.66195e-05 -63.06 
2 3.5 4.76533e-05 -71.06 
2 4 4.50376e-05 -55.06 
2 4.5 4.68506e-05 -62.06 
2.5 -0.5 6.43348e-05 59.94 
2.5 -1 6.17567e-05 64.94 
2.5 -1.5 5.3152e-05 77.94 
2.5 -2 5.33044e-05 95.94 
2.5 -2.5 5.41504e-05 104.94 
2.5 -3 5.12244e-05 113.94 
2.5 -3.5 4.84925e-05 125.94 
2.5 -4 4.50883e-05 130.94 
2.5 -4.5 4.40973e-05 144.94 
2.5 0 6.33203e-05 58.94 
2.5 0.5 6.38573e-05 59.94 
2.5 1 5.37611e-05 60.94 
2.5 1.5 4.87534e-05 21.94 
2.5 2 4.95508e-05 21.94 
2.5 2.5 4.4997e-05 105.94 
2.5 3 4.44469e-05 -49.06 
2.5 3.5 4.44588e-05 -48.06 
2.5 4 4.54151e-05 -43.06 
2.5 4.5 4.33157e-05 -59.06 
3 -0.5 6.28552e-05 74.94 
3 -1 6.22933e-05 73.94 
3 -1.5 5.48603e-05 71.94 
3 -2 4.91148e-05 106.94 
3 -2.5 5.18143e-05 117.94 
3 -3 5.1691e-05 125.94 
3 -3.5 5.05882e-05 136.94 
3 -4 4.71588e-05 144.94 
3 -4.5 4.60846e-05 157.94 
3 0 6.15907e-05 76.94 
3 0.5 5.70403e-05 70.94 
3 1 4.99112e-05 66.94 
3 1.5 4.70945e-05 2.94 
3 2 4.73752e-05 19.94 
3 2.5 4.56853e-05 22.94 
3 3 4.28693e-05 -51.06 
3 3.5 4.53128e-05 -53.06 
3 4 4.48204e-05 -38.06 
3 4.5 4.44817e-05 -44.06 
3.5 -0.5 6.10933e-05 88.94 
3.5 -1 5.98148e-05 84.94 
3.5 -1.5 5.3741e-05 84.94 
3.5 -2 4.78257e-05 71.94 
3.5 -2.5 4.93852e-05 128.94 
3.5 -3 5.06861e-05 136.94 
3.5 -3.5 5.00205e-05 145.94 
3.5 -4 4.59838e-05 147.94 
3.5 -4.5 4.4722e-05 165.94 
3.5 0 5.97386e-05 86.94 
3.5 0.5 5.24472e-05 86.94 
3.5 1 4.56252e-05 55.94 
3.5 1.5 4.32943e-05 1.94 
3.5 2 4.35825e-05 1.94 
3.5 2.5 4.20683e-05 12.94 
3.5 3 4.01372e-05 123.94 
3.5 3.5 4.11142e-05 -54.06 
3.5 4 4.03883e-05 -64.06 
3.5 4.5 4.07554e-05 -46.06 
4 -0.5 5.98455e-05 101.94 
4 -1 5.73787e-05 97.94 
4 -1.5 5.31216e-05 95.94 
4 -2 4.6914e-05 81.94 
4 -2.5 4.59325e-05 140.94 
4 -3 4.70649e-05 143.94 
4 -3.5 4.68263e-05 158.94 
4 -4 4.52416e-05 164.94 
4 -4.5 4.36725e-05 179.94 
4 0 5.56828e-05 101.94 
4 0.5 4.81167e-05 97.94 
4 1 4.29992e-05 64.94 
4 1.5 4.29702e-05 64.94 
4 2 3.97441e-05 -2.06 
4 2.5 4.07986e-05 -129.06 
4 3 4.12325e-05 -134.06 
4 3.5 3.88322e-05 -140.06 
4 4 3.81302e-05 -12.06 
4 4.5 3.77758e-05 -76.06 
4.5 -0.5 5.73571e-05 113.94 
4.5 -1 5.49341e-05 114.94 
4.5 -1.5 5.06893e-05 100.94 
4.5 -2 4.63906e-05 86.94 
4.5 -2.5 4.46071e-05 157.94 
4.5 -3 4.45324e-05 157.94 
4.5 -3.5 4.42571e-05 169.94 
4.5 -4 4.33802e-05 175.94 
4.5 -4.5 4.48112e-05 191.94 
4.5 0 5.37126e-05 113.94 
4.5 0.5 4.46999e-05 120.94 
4.5 1 3.96925e-05 72.94 
4.5 1.5 4.00093e-05 141.94 
4.5 2 4.06289e-05 -122.06 
4.5 2.5 4.0701e-05 149.94 
4.5 3 4.12631e-05 11.94 
4.5 3.5 4.03846e-05 10.94 
4.5 4 3.93131e-05 -9.06 
4.5 4.5 3.89976e-05 -15.06 
