 -0.5000   -0.5000     0.9121     0.9400
 -0.5000   -1.0000     0.7640    -1.0600
 -0.5000   -1.5000     0.6524    31.9400
 -0.5000   -2.0000     0.6041    49.9400
 -0.5000   -2.5000     0.5530    59.9400
 -0.5000   -3.0000     0.5386    71.9400
 -0.5000   -3.5000     0.5117    77.9400
 -0.5000   -4.0000     0.4812   107.9400
 -0.5000   -4.5000     0.4765   104.9400
 -0.5000    0.0000     0.9109    -2.0600
 -0.5000    0.5000     0.8248   -12.0600
 -0.5000    1.0000     0.7285   -13.0600
 -0.5000    1.5000     0.6654   -35.0600
 -0.5000    2.0000     0.5992   -39.0600
 -0.5000    2.5000     0.5860   -59.0600
 -0.5000    3.0000     0.5648   -71.0600
 -0.5000    3.5000     0.5451   -80.0600
 -0.5000    4.0000     0.5258   -95.0600
 -0.5000    4.5000     0.5147  -103.0600
 -1.0000   -0.5000     0.7533    -7.0600
 -1.0000   -1.0000     0.6935   -12.0600
 -1.0000   -1.5000     0.6618    35.9400
 -1.0000   -2.0000     0.5933    41.9400
 -1.0000   -2.5000     0.5421    63.9400
 -1.0000   -3.0000     0.5381    69.9400
 -1.0000   -3.5000     0.5279    83.9400
 -1.0000   -4.0000     0.5284    90.9400
 -1.0000   -4.5000     0.4876    92.9400
 -1.0000    0.0000     0.7847    -9.0600
 -1.0000    0.5000     0.7674   -17.0600
 -1.0000    1.0000     0.7065   -21.0600
 -1.0000    1.5000     0.6334   -44.0600
 -1.0000    2.0000     0.5958   -53.0600
 -1.0000    2.5000     0.5853   -66.0600
 -1.0000    3.0000     0.5664   -79.0600
 -1.0000    3.5000     0.5472   -90.0600
 -1.0000    4.0000     0.5300   -98.0600
 -1.0000    4.5000     0.5100  -112.0600
 -1.5000   -0.5000     0.6411   -29.0600
 -1.5000   -1.0000     0.5836    14.9400
 -1.5000   -1.5000     0.5512    34.9400
 -1.5000   -2.0000     0.5580    36.9400
 -1.5000   -2.5000     0.5112    57.9400
 -1.5000   -3.0000     0.4777    72.9400
 -1.5000   -3.5000     0.4883    81.9400
 -1.5000   -4.0000     0.4853    90.9400
 -1.5000   -4.5000     0.4760    95.9400
 -1.5000    0.0000     0.6745   -29.0600
 -1.5000    0.5000     0.6890   -31.0600
 -1.5000    1.0000     0.6788   -30.0600
 -1.5000    1.5000     0.5882   -33.0600
 -1.5000    2.0000     0.5742   -60.0600
 -1.5000    2.5000     0.5530   -75.0600
 -1.5000    3.0000     0.5347   -85.0600
 -1.5000    3.5000     0.5215  -101.0600
 -1.5000    4.0000     0.5120  -109.0600
 -1.5000    4.5000     0.4909  -124.0600
 -2.0000   -0.5000     0.6014   -43.0600
 -2.0000   -1.0000     0.5370    10.9400
 -2.0000   -1.5000     0.5597     6.9400
 -2.0000   -2.0000     0.5050    21.9400
 -2.0000   -2.5000     0.4826    41.3200
 -2.0000   -3.0000     0.5127    44.9400
 -2.0000   -3.5000     0.4720    53.9400
 -2.0000   -4.0000     0.4356    63.9400
 -2.0000   -4.5000     0.4261    88.9400
 -2.0000    0.0000     0.6422   -45.0600
 -2.0000    0.5000     0.6584   -41.0600
 -2.0000    1.0000     0.6351   -41.0600
 -2.0000    1.5000     0.5676   -46.0600
 -2.0000    2.0000     0.5530   -72.0600
 -2.0000    2.5000     0.5315   -82.0600
 -2.0000    3.0000     0.5206   -96.0600
 -2.0000    3.5000     0.5122  -106.0600
 -2.0000    4.0000     0.4956  -119.0600
 -2.0000    4.5000     0.4997  -133.0600
 -2.5000   -0.5000     0.5595   -57.0600
 -2.5000   -1.0000     0.5053   -62.0600
 -2.5000   -1.5000     0.5037     0.9400
 -2.5000   -2.0000     0.4780    -1.0600
 -2.5000   -2.5000     0.4946    30.9400
 -2.5000   -3.0000     0.4642    35.3200
 -2.5000   -3.5000     0.4593    52.7000
 -2.5000   -4.0000     0.4745    57.9400
 -2.5000   -4.5000     0.4215    52.9400
 -2.5000    0.0000     0.6077   -55.0600
 -2.5000    0.5000     0.6134   -53.0600
 -2.5000    1.0000     0.6034   -56.0600
 -2.5000    1.5000     0.5649   -57.0600
 -2.5000    2.0000     0.5319   -83.0600
 -2.5000    2.5000     0.5191   -98.0600
 -2.5000    3.0000     0.5087  -104.0600
 -2.5000    3.5000     0.4945  -119.0600
 -2.5000    4.0000     0.5024  -131.0600
 -2.5000    4.5000     0.5037  -141.0600
 -3.0000   -0.5000     0.5180   -68.0600
 -3.0000   -1.0000     0.4866   -74.0600
 -3.0000   -1.5000     0.4487     0.9400
 -3.0000   -2.0000     0.4700     3.9400
 -3.0000   -2.5000     0.4397    23.9400
 -3.0000   -3.0000     0.4394    32.3200
 -3.0000   -3.5000     0.4613    40.7000
 -3.0000   -4.0000     0.4366    54.7000
 -3.0000   -4.5000     0.4195    64.7000
 -3.0000    0.0000     0.5671   -60.0600
 -3.0000    0.5000     0.5884   -61.0600
 -3.0000    1.0000     0.5923   -71.0600
 -3.0000    1.5000     0.5581   -72.0600
 -3.0000    2.0000     0.5319   -90.0600
 -3.0000    2.5000     0.5218  -102.0600
 -3.0000    3.0000     0.5081  -112.0600
 -3.0000    3.5000     0.4829  -128.0600
 -3.0000    4.0000     0.4969  -143.0600
 -3.0000    4.5000     0.5006  -151.0600
 -3.5000   -0.5000     0.4993   -87.0600
 -3.5000   -1.0000     0.4605   -92.0600
 -3.5000   -1.5000     0.4213   -99.0600
 -3.5000   -2.0000     0.4609     0.9400
 -3.5000   -2.5000     0.4277     2.9400
 -3.5000   -3.0000     0.4177    26.9400
 -3.5000   -3.5000     0.4232    39.7000
 -3.5000   -4.0000     0.4199    48.7000
 -3.5000   -4.5000     0.4054    61.7000
 -3.5000    0.0000     0.5375   -67.0600
 -3.5000    0.5000     0.5715   -74.0600
 -3.5000    1.0000     0.5824   -79.0600
 -3.5000    1.5000     0.5624   -83.0600
 -3.5000    2.0000     0.5388  -101.0600
 -3.5000    2.5000     0.5333  -107.0600
 -3.5000    3.0000     0.4974  -115.0600
 -3.5000    3.5000     0.4822  -136.0600
 -3.5000    4.0000     0.4825  -151.0600
 -3.5000    4.5000     0.4908  -158.0600
 -4.0000   -0.5000     0.4773   -99.0600
 -4.0000   -1.0000     0.4515   -38.0600
 -4.0000   -1.5000     0.4226  -115.0600
 -4.0000   -2.0000     0.4149    -6.0600
 -4.0000   -2.5000     0.4486    -3.0600
 -4.0000   -3.0000     0.3935  -139.0600
 -4.0000   -3.5000     0.3902  -144.3000
 -4.0000   -4.0000     0.3896  -158.3000
 -4.0000   -4.5000     0.3968  -164.3000
 -4.0000    0.0000     0.5348   -77.0600
 -4.0000    0.5000     0.5534   -76.0600
 -4.0000    1.0000     0.5619   -89.0600
 -4.0000    1.5000     0.5528   -95.0600
 -4.0000    2.0000     0.5384  -109.0600
 -4.0000    2.5000     0.5401  -117.0600
 -4.0000    3.0000     0.5148  -126.0600
 -4.0000    3.5000     0.4928  -142.0600
 -4.0000    4.0000     0.4679  -161.0600
 -4.0000    4.5000     0.4795  -170.0600
 -4.5000   -0.5000     0.4554  -100.0600
 -4.5000   -1.0000     0.4575   -47.0600
 -4.5000   -1.5000     0.4224  -126.0600
 -4.5000   -2.0000     0.3981  -135.0600
 -4.5000   -2.5000     0.4310    -5.0600
 -4.5000   -3.0000     0.4050    -3.0600
 -4.5000   -3.5000     0.3749  -160.3000
 -4.5000   -4.0000     0.3955  -173.3000
 -4.5000   -4.5000     0.3919  -180.3000
 -4.5000    0.0000     0.5190   -87.0600
 -4.5000    0.5000     0.5660   -89.0600
 -4.5000    1.0000     0.5354   -97.0600
 -4.5000    1.5000     0.5311  -108.0600
 -4.5000    2.0000     0.5228  -122.0600
 -4.5000    2.5000     0.5408  -125.0600
 -4.5000    3.0000     0.5466  -134.0600
 -4.5000    3.5000     0.4870  -140.0600
 -4.5000    4.0000     0.4613  -160.0600
 -4.5000    4.5000     0.4635  -177.0600
  0.0000   -0.5000     0.9780     6.9400
  0.0000   -1.0000     0.8035     7.9400
  0.0000   -1.5000     0.6359    23.9400
  0.0000   -2.0000     0.6114    43.9400
  0.0000   -2.5000     0.5717    47.9400
  0.0000   -3.0000     0.5176    57.9400
  0.0000   -3.5000     0.5078    96.9400
  0.0000   -4.0000     0.4836   108.9400
  0.0000   -4.5000     0.4730   119.9400
  0.0000    0.0000     1.0000     6.9400
  0.0000    0.5000     0.8728     4.9400
  0.0000    1.0000     0.7422    -9.0600
  0.0000    1.5000     0.6925   -22.0600
  0.0000    2.0000     0.6222   -36.0600
  0.0000    2.5000     0.5811   -52.0600
  0.0000    3.0000     0.5611   -63.0600
  0.0000    3.5000     0.5366   -73.0600
  0.0000    4.0000     0.5038   -85.0600
  0.0000    4.5000     0.4965  -104.0600
  0.5000   -0.5000     0.8624     8.9400
  0.5000   -1.0000     0.7740    19.9400
  0.5000   -1.5000     0.6137    32.9400
  0.5000   -2.0000     0.5778    54.9400
  0.5000   -2.5000     0.5706    60.9400
  0.5000   -3.0000     0.5148    58.9400
  0.5000   -3.5000     0.4861    88.9400
  0.5000   -4.0000     0.4710   108.9400
  0.5000   -4.5000     0.4752   121.9400
  0.5000    0.0000     0.9255     7.9400
  0.5000    0.5000     0.8378     5.9400
  0.5000    1.0000     0.7053    -6.0600
  0.5000    1.5000     0.6587   -23.0600
  0.5000    2.0000     0.6390   -32.0600
  0.5000    2.5000     0.5786   -38.0600
  0.5000    3.0000     0.4951   -65.0600
  0.5000    3.5000     0.4905   -84.0600
  0.5000    4.0000     0.4894   -98.0600
  0.5000    4.5000     0.4835  -108.0600
  1.0000   -0.5000     0.7288    27.9400
  1.0000   -1.0000     0.6639    28.9400
  1.0000   -1.5000     0.5772    42.9400
  1.0000   -2.0000     0.5461    56.9400
  1.0000   -2.5000     0.5631    71.9400
  1.0000   -3.0000     0.5286    77.9400
  1.0000   -3.5000     0.4838    94.9400
  1.0000   -4.0000     0.4585   107.9400
  1.0000   -4.5000     0.4515   129.9400
  1.0000    0.0000     0.7096    10.9400
  1.0000    0.5000     0.6845    19.9400
  1.0000    1.0000     0.5901    10.9400
  1.0000    1.5000     0.5880   -26.0600
  1.0000    2.0000     0.5764   -38.0600
  1.0000    2.5000     0.5397   -30.0600
  1.0000    3.0000     0.5129   -36.0600
  1.0000    3.5000     0.4756   -45.0600
  1.0000    4.0000     0.4679   -98.0600
  1.0000    4.5000     0.4587  -112.0600
  1.5000   -0.5000     0.6931    42.9400
  1.5000   -1.0000     0.6210    44.9400
  1.5000   -1.5000     0.5610    28.9400
  1.5000   -2.0000     0.5169    72.9400
  1.5000   -2.5000     0.5202    84.9400
  1.5000   -3.0000     0.5132    87.9400
  1.5000   -3.5000     0.4848   100.9400
  1.5000   -4.0000     0.4528   113.9400
  1.5000   -4.5000     0.4207   130.9400
  1.5000    0.0000     0.7018    38.9400
  1.5000    0.5000     0.6407    41.9400
  1.5000    1.0000     0.5473    27.9400
  1.5000    1.5000     0.5193   -33.0600
  1.5000    2.0000     0.4984   -49.0600
  1.5000    2.5000     0.4976   -12.0600
  1.5000    3.0000     0.4733   -20.0600
  1.5000    3.5000     0.4362   -82.0600
  1.5000    4.0000     0.4426   -53.0600
  1.5000    4.5000     0.4290   -65.0600
  2.0000   -0.5000     0.6532    51.9400
  2.0000   -1.0000     0.6062    55.9400
  2.0000   -1.5000     0.5155    68.9400
  2.0000   -2.0000     0.5111    87.9400
  2.0000   -2.5000     0.5296    96.9400
  2.0000   -3.0000     0.5003   102.9400
  2.0000   -3.5000     0.4634   112.9400
  2.0000   -4.0000     0.4295   128.9400
  2.0000   -4.5000     0.4236   135.9400
  2.0000    0.0000     0.6731    46.9400
  2.0000    0.5000     0.6293    45.9400
  2.0000    1.0000     0.5189    46.9400
  2.0000    1.5000     0.4889    19.9400
  2.0000    2.0000     0.4572    85.9400
  2.0000    2.5000     0.4345   -43.0600
  2.0000    3.0000     0.4403   -63.0600
  2.0000    3.5000     0.4500   -71.0600
  2.0000    4.0000     0.4253   -55.0600
  2.0000    4.5000     0.4425   -62.0600
  2.5000   -0.5000     0.6076    59.9400
  2.5000   -1.0000     0.5832    64.9400
  2.5000   -1.5000     0.5020    77.9400
  2.5000   -2.0000     0.5034    95.9400
  2.5000   -2.5000     0.5114   104.9400
  2.5000   -3.0000     0.4838   113.9400
  2.5000   -3.5000     0.4580   125.9400
  2.5000   -4.0000     0.4258   130.9400
  2.5000   -4.5000     0.4165   144.9400
  2.5000    0.0000     0.5980    58.9400
  2.5000    0.5000     0.6031    59.9400
  2.5000    1.0000     0.5077    60.9400
  2.5000    1.5000     0.4604    21.9400
  2.5000    2.0000     0.4680    21.9400
  2.5000    2.5000     0.4249   105.9400
  2.5000    3.0000     0.4198   -49.0600
  2.5000    3.5000     0.4199   -48.0600
  2.5000    4.0000     0.4289   -43.0600
  2.5000    4.5000     0.4091   -59.0600
  3.0000   -0.5000     0.5936    74.9400
  3.0000   -1.0000     0.5883    73.9400
  3.0000   -1.5000     0.5181    71.9400
  3.0000   -2.0000     0.4638   106.9400
  3.0000   -2.5000     0.4893   117.9400
  3.0000   -3.0000     0.4882   125.9400
  3.0000   -3.5000     0.4778   136.9400
  3.0000   -4.0000     0.4454   144.9400
  3.0000   -4.5000     0.4352   157.9400
  3.0000    0.0000     0.5817    76.9400
  3.0000    0.5000     0.5387    70.9400
  3.0000    1.0000     0.4714    66.9400
  3.0000    1.5000     0.4448     2.9400
  3.0000    2.0000     0.4474    19.9400
  3.0000    2.5000     0.4314    22.9400
  3.0000    3.0000     0.4049   -51.0600
  3.0000    3.5000     0.4279   -53.0600
  3.0000    4.0000     0.4233   -38.0600
  3.0000    4.5000     0.4201   -44.0600
  3.5000   -0.5000     0.5770    88.9400
  3.5000   -1.0000     0.5649    84.9400
  3.5000   -1.5000     0.5075    84.9400
  3.5000   -2.0000     0.4517    71.9400
  3.5000   -2.5000     0.4664   128.9400
  3.5000   -3.0000     0.4787   136.9400
  3.5000   -3.5000     0.4724   145.9400
  3.5000   -4.0000     0.4343   147.9400
  3.5000   -4.5000     0.4224   165.9400
  3.5000    0.0000     0.5642    86.9400
  3.5000    0.5000     0.4953    86.9400
  3.5000    1.0000     0.4309    55.9400
  3.5000    1.5000     0.4089     1.9400
  3.5000    2.0000     0.4116     1.9400
  3.5000    2.5000     0.3973    12.9400
  3.5000    3.0000     0.3791   123.9400
  3.5000    3.5000     0.3883   -54.0600
  3.5000    4.0000     0.3814   -64.0600
  3.5000    4.5000     0.3849   -46.0600
  4.0000   -0.5000     0.5652   101.9400
  4.0000   -1.0000     0.5419    97.9400
  4.0000   -1.5000     0.5017    95.9400
  4.0000   -2.0000     0.4431    81.9400
  4.0000   -2.5000     0.4338   140.9400
  4.0000   -3.0000     0.4445   143.9400
  4.0000   -3.5000     0.4422   158.9400
  4.0000   -4.0000     0.4273   164.9400
  4.0000   -4.5000     0.4124   179.9400
  4.0000    0.0000     0.5259   101.9400
  4.0000    0.5000     0.4544    97.9400
  4.0000    1.0000     0.4061    64.9400
  4.0000    1.5000     0.4058    64.9400
  4.0000    2.0000     0.3753    -2.0600
  4.0000    2.5000     0.3853  -129.0600
  4.0000    3.0000     0.3894  -134.0600
  4.0000    3.5000     0.3667  -140.0600
  4.0000    4.0000     0.3601   -12.0600
  4.0000    4.5000     0.3568   -76.0600
  4.5000   -0.5000     0.5417   113.9400
  4.5000   -1.0000     0.5188   114.9400
  4.5000   -1.5000     0.4787   100.9400
  4.5000   -2.0000     0.4381    86.9400
  4.5000   -2.5000     0.4213   157.9400
  4.5000   -3.0000     0.4206   157.9400
  4.5000   -3.5000     0.4180   169.9400
  4.5000   -4.0000     0.4097   175.9400
  4.5000   -4.5000     0.4232   191.9400
  4.5000    0.0000     0.5073   113.9400
  4.5000    0.5000     0.4221   120.9400
  4.5000    1.0000     0.3749    72.9400
  4.5000    1.5000     0.3778   141.9400
  4.5000    2.0000     0.3837  -122.0600
  4.5000    2.5000     0.3844   149.9400
  4.5000    3.0000     0.3897    11.9400
  4.5000    3.5000     0.3814    10.9400
  4.5000    4.0000     0.3713    -9.0600
  4.5000    4.5000     0.3683   -15.0600
