TSUM IU -19.2022 17.5838 25.724716 2863.310303 138.870819 315.892456
LSZ IU -15.2779 28.1882 31.718060 3530.555176 119.872787 296.040375
MACI IU 28.2502 -16.5082 32.237598 3587.744629 331.969452 147.812744
RCBR IU -5.8274 -35.9014 36.303055 4041.188721 260.191589 82.068352
KMBO IU -1.1271 37.2525 37.266880 4148.528320 91.849091 271.471741
TRIS IU -37.0681 -12.3152 38.605980 4295.757324 195.867737 19.988497
FURI IU 8.8952 38.6798 39.521587 4399.398438 76.031044 259.137878
PAB IU 39.5446 -4.3499 39.556591 4401.308105 354.716125 173.159882
ANTO IU 39.868 32.7934 49.685822 5528.195312 33.139160 225.259521
GRFO IU 49.6909 11.2203 50.429859 5609.780762 9.435361 194.621155
KIEV IU 50.7012 29.2242 56.291401 6261.537598 21.914246 215.937607
GNI IU 40.148 44.741 57.012959 6343.273926 40.034157 237.054169
KONO IU 59.6521 9.5946 59.955292 6667.705566 5.610856 191.101486
SAML IU -8.9489 -63.1831 63.530506 7071.956543 260.058990 85.533157
SJG IU 18.1091 -66.15 67.383385 7500.097168 289.553284 97.777534
TRQA IU -38.0568 -61.9787 68.231216 7591.500488 228.622894 71.908020
BBSR IU 32.3713 -64.6963 68.796188 7655.331055 304.857178 104.139420
SDV IU 8.8839 -70.634 70.872261 7889.201172 279.345581 93.086777
KEV IU 69.7565 27.0035 71.933846 7997.656250 9.568730 208.528152
LCO IU -29.011 -70.7005 73.172516 8142.799805 239.730194 80.409859
SFJD IU 66.9961 -50.6208 75.560791 8401.003906 341.717621 127.043716
HRV IU 42.5064 -71.5583 76.472046 8507.139648 313.821472 102.652527
OTAV IU 0.2376 -78.4508 78.450897 8733.113281 270.240875 90.048233
KBS IU 78.9154 11.9385 79.086891 8791.168945 2.336375 192.161713
PMSA IU -64.7744 -64.0489 79.191544 8804.720703 203.096405 66.263664
SSPA IU 40.6358 -77.8876 80.811378 8990.081055 311.083618 97.925880
DWPF IU 28.1103 -81.4327 82.438301 9173.850586 298.217682 94.039085
MAKZ IU 46.808 81.977 84.498657 9398.468750 43.102829 264.151154
CHTO IU -12345 -12345 86.134857 9574.111328 165.395554 284.504517
HNR IU -12345 -12345 86.134857 9574.111328 165.395554 284.504517
KMBO IU -12345 -12345 86.134857 9574.111328 165.395554 284.504517
RAO IU -12345 -12345 86.134857 9574.111328 165.395554 284.504517
WCI IU 38.2289 -86.2939 87.082001 9687.925781 308.100220 92.285820
WVT IU 36.1297 -87.83 88.243393 9817.625000 305.966156 91.274254
TEIG IU 20.2263 -88.2763 88.381332 9836.641602 290.110138 90.592575
CCM IU 38.0557 -91.2446 90.982475 10121.634766 307.875610 89.235916
HKT IU 29.9648 -95.8381 95.064003 10577.809570 299.927216 87.091171
CASY IU -66.2792 110.535 98.158241 10910.000977 157.497971 251.090561
CHTO IU 18.8141 98.9443 98.468719 10959.384766 71.089180 272.888275
RSSD IU 44.1212 -104.036 100.059547 11128.370117 314.796997 80.160606
ULN IU 47.8651 107.053 101.388763 11274.583008 41.047073 282.777466
TIXI IU 71.6341 128.867 101.473755 11276.318359 14.586817 307.393677
SBA IU -77.8492 166.757 101.900169 11322.360352 177.157272 193.539322
ANMO IU 34.9459 -106.457 103.457596 11509.353516 305.896057 80.438805
TUC IU 32.3098 -110.785 107.487175 11958.201172 303.897491 78.585243
YAK IU 62.031 129.68 107.519051 11949.171875 22.364029 306.190674
COLA IU 64.8736 -147.862 111.194496 12355.205078 345.900757 34.788822
BILL IU 68.0653 166.453 111.423576 12379.410156 5.424860 345.426056
NWAO IU -32.9277 117.239 112.639771 12530.446289 125.886246 254.437134
COR IU 44.5855 -123.305 113.101440 12575.923828 319.514099 65.315361
MA2 IU 59.5756 150.77 116.367569 12930.002930 16.103745 326.974060
MBWA IU -21.159 119.731 117.574196 13083.965820 113.880951 258.417969
INCN IU 37.4777 126.624 118.333229 13160.183594 46.501205 294.244812
YSS IU 46.9587 142.76 123.045883 13676.344727 29.637327 313.785095
PET IU 53.0233 158.65 124.236702 13803.798828 15.427238 333.872406
DAV IU 7.0697 125.579 125.272079 13944.583008 81.387115 274.998688
MAJO IU 36.5457 138.204 126.895790 14110.104492 42.153160 303.552155
ADK IU 51.8823 -176.684 128.229019 14245.330078 357.384033 4.222739
SNZO IU -41.3087 174.704 138.602631 15398.357422 173.963974 188.023544
CTAO IU -20.0877 146.25 141.398575 15730.920898 123.178444 242.933746
GUMO IU 13.5893 144.868 142.676620 15877.957031 67.351830 288.356110
PMG IU -9.4047 147.16 146.000534 16249.978516 106.877037 255.881836
POHA IU 19.7573 -155.533 149.011765 16574.019531 310.742462 53.554966
RAO IU -29.245 -177.929 150.851547 16760.166016 183.717682 175.745102
RAR IU -21.2125 -159.773 151.106400 16802.916016 221.885727 134.312057
MIDW IU 28.2156 -177.37 151.831406 16869.263672 355.079102 5.578097
HNR IU -9.4387 159.947 157.945114 17576.093750 115.714745 245.946686
AFI IU -13.9085 -171.783 163.963577 18227.320312 210.158539 148.844025
FUNA IU -8.5259 179.197 171.492630 19057.212891 174.623520 185.435944
TARA IU 1.3549 172.923 172.796799 19234.468750 79.203903 280.712860
