NDB      191.1411   145 19970101.0001 29991231.0000
MASB     225.3494   131 19990505.1919 29991231.0000
VIB      271.7930   149 20041123.1343 29991231.0000
DIB      278.7018   149 20040315.1942 29991231.0000
MOBC     301.9514   144 19960226.1956 29991231.0000
RUBB     303.6043   111 20120518.2140 29991231.0000
BNAB     332.2422   127 19990416.1834 29991231.0000
BNB      363.4351   148 19960226.1955 29991231.0000
DLBC     441.3487    37 19940928.2211 29991231.0000
PLBC     466.8356   348 20050903.2111 29991231.0000
BBB      556.1025   127 19931029.1400 29991231.0000
BBB      556.1025   127 20120302.1946 29991231.0000
WHY      589.3539   359 19930827.1800 29991231.0000
YUK7     611.1884   342 20100824.0200 29991231.0000
BCBC     615.0718   120 20071206.1700 29991231.0000
HYT      630.7697   346 20100819.2200 29991231.0000
YUK6     658.4255   342 20100829.0200 29991231.0000
FSB      666.6793    94 20000215.0000 29991231.0000
YUK5     669.1143   345 20100823.0000 29991231.0000
HOLB     682.5790   138 20090820.2048 29991231.0000
PHC      707.6212   134 19951214.0001 29991231.0000
YUK4     713.1449   343 20100829.1900 29991231.0000
YUK8     723.9272   338 20120907.0030 29991231.0000
PACB     728.3397   136 20100624.0100 29991231.0000
UBRB     741.0411   108 20071016.1200 29991231.0000
BPBC     741.0724   139 19950209.0000 29991231.0000
MAYB     745.4895   135 19941117.0000 29991231.0000
TLCB     748.8676   133 20041220.0000 29991231.0000
FHRB     778.2268   136 20090312.1400 29991231.0000
BMBC     787.5959    79 19980130.0000 29991231.0000
YUK3     789.5286   337 20100825.0000 29991231.0000
WOSB     793.5452   134 19981117.2116 29991231.0000
EDB      794.1195   137 20040611.1217 29991231.0000
NCRB     797.5848   130 19981117.2116 29991231.0000
YUK2     798.4265   336 20100828.1300 29991231.0000
FNBB     803.4933    56 19991024.0000 29991231.0000
YUK1     828.5672   338 20100825.1800 29991231.0000
GDR      849.6472   134 19961128.0000 29991231.0000
SPLB     859.0858   131 20090730.0100 29991231.0000
CBB      861.4055   130 19961128.0000 29991231.0000
BVCY     862.2917   338 20100814.1730 29991231.0000
ETB      863.5947   137 19960328.0001 29991231.0000
MWAB     888.3274   131 20090731.2102 29991231.0000
BTB      901.0507   133 20070919.1920 29991231.0000
TOFB     910.8622   136 20090214.0155 29991231.0000
TXB      934.3047   128 19970911.0000 29991231.0000
OZB      946.4422   135 19960328.0001 29991231.0000
ALB      950.2882   132 19750901.0000 29991231.0000
SHB      970.5012   127 20001122.0000 29991231.0000
WAPA     974.8193    85 20091020.1738 29991231.0000
GHNB     975.9282   129 20050703.2218 29991231.0000
MGB      979.4907   132 20050721.2101 29991231.0000
WSLR     980.0410   122 20030602.2330 29991231.0000
NLLB     994.6176   129 20030101.0000 29991231.0000
WPB     1000.6864   125 19960904.2100 29991231.0000
LLLB    1003.9526   117 19981117.2130 29991231.0000
DAWY    1004.5587   347 19930701.0000 29991231.0000
YOUB    1008.5027   131 20030228.0000 29991231.0000
CPLB    1010.5173   134 20061016.1930 29991231.0000
BIB     1014.5455   126 19960904.2101 29991231.0000
PFB     1028.3060   133 20010510.0000 29991231.0000
BPCB    1033.5566   129 20080319.2145 29991231.0000
GOBB    1040.9908   129 19990202.0000 29991231.0000
LZB     1053.8920   131 20010110.0000 29991231.0000
MANA    1066.5531    74 20091018.0330 29991231.0000
PA02    1068.6199   130 20100722.1920 29991231.0000
PGC     1068.6304   130 19930701.0001 29991231.0000
PA01    1068.6458   130 20100722.1941 29991231.0000
PA04    1068.8180   130 20100722.2020 29991231.0000
PA03    1068.8279   130 20100722.2003 29991231.0000
PA12    1068.8856   130 20100722.1838 29991231.0000
PA05    1069.0433   130 20100722.1843 29991231.0000
SNB     1072.1205   128 20110317.1900 29991231.0000
BLBC    1078.2006   104 19970617.0000 29991231.0000
SOKB    1079.5018   131 20080317.0500 29991231.0000
VGZ     1094.5981   130 20090731.0047 29991231.0000
VDB     1106.5570   124 19970308.0001 29991231.0000
HOPB    1115.5354   121 20070726.1948 29991231.0000
MNB     1123.8759   102 19970617.0000 29991231.0000
HILA    1124.0159    64 20091019.1844 29991231.0000
DOWB    1149.3854   105 19970613.0000 29991231.0000
NOWN    1186.6835    18 20120816.0300 29991231.0000
SLEB    1191.6310   106 19971205.0000 29991231.0000
RDEA    1208.6260    76 20110608.1730 29991231.0000
PNT     1219.5892   117 19930203.0000 29991231.0000
EDZN    1334.1382    45 20110715.0000 29991231.0000
CLVN    1375.9795    16 20100718.2300 29991231.0000
YKB0    1390.1205    47 19890125.0000 29991231.0000
YKB1    1390.1205    47 19890125.0000 29991231.0000
YKB2    1390.1205    47 19890125.0000 29991231.0000
YKB3    1390.1205    47 19890125.0000 29991231.0000
YKB4    1390.1205    47 19890125.0000 29991231.0000
YKB6    1390.1205    47 19890125.0000 29991231.0000
YKB7    1390.1205    47 19890125.0000 29991231.0000
YKB8    1390.1205    47 19890125.0000 29991231.0000
YKB9    1390.1205    47 19890125.0000 29991231.0000
YKR1    1390.1205    47 19890125.0001 29991231.0000
YKR2    1390.1205    47 19890125.0001 29991231.0000
YKR3    1390.1205    47 19890125.0001 29991231.0000
YKR4    1390.1205    47 19890125.0001 29991231.0000
YKR5    1390.1205    47 19890125.0001 29991231.0000
YKR6    1390.1205    47 19890125.0001 29991231.0000
YKR7    1390.1205    47 19890125.0001 29991231.0000
YKR8    1390.1205    47 19890125.0001 29991231.0000
YKR9    1390.1205    47 19890125.0001 29991231.0000
YKW1    1390.1205    47 19890125.0000 29991231.0000
YKW1    1390.1205    47 20060221.1500 29991231.0000
YKW2    1390.1205    47 19890125.0000 29991231.0000
YKW3    1390.1205    47 19890125.0000 29991231.0000
YKW3    1390.1205    47 19890125.0001 29991231.0000
YKW4    1390.1205    47 19890125.0000 29991231.0000
EDM     1399.6509    91 19920603.1500 29991231.0000
INK     1442.7443     2 19920228.0000 29991231.0000
PRDA    1443.9587   102 20091113.2051 29991231.0000
FSMA    1445.1796    60 20100912.0000 29991231.0000
DHRN    1523.5526    26 20090715.2135 29991231.0000
WALA    1571.8839   108 19920603.1500 29991231.0000
HPLN    1597.6521    32 20090716.1710 29991231.0000
RAYA    1626.2529   105 20100709.1148 29991231.0000
HFRN    1658.4487    50 20110712.1600 29991231.0000
MEDA    1712.3730   101 20091014.1200 29991231.0000
KUKN    1716.1166    28 20100721.1930 29991231.0000
FCC     2448.8425    64 19931001.1715 29991231.0000
I10H2   2629.3069    86 20001210.1946 29991231.0000
I10H1   2630.3779    86 20001210.1946 29991231.0000
I10H3   2631.0820    86 20001210.1946 29991231.0000
I10H4   2631.6047    86 20001210.1946 29991231.0000
ULM     2637.4785    86 19941207.2026 29991231.0000
RES     2746.7114    24 19920213.0100 29991231.0000
EPLO    2803.6934    86 20040611.1833 29991231.0000
SOLO    2889.0396    84 19981104.0000 29991231.0000
PKLO    2922.4463    80 20040615.1510 29991231.0000
ATKO    2984.9673    86 20040609.2153 29991231.0000
ILON    3010.4084    38 20050824.1330 29991231.0000
MRYN    3119.6345    34 20110801.1000 29991231.0000
SILO    3120.1211    71 20030609.1231 29991231.0000
TBO     3133.4849    85 19931005.1725 29991231.0000
EUNU    3218.0776    16 20080415.0000 29991231.0000
GTO     3225.6921    81 20010104.2207 29991231.0000
IVKQ    3247.3054    53 20060916.2200 29991231.0000
VIMO    3266.0005    74 20030611.1300 29991231.0000
AKVQ    3275.4868    56 20060915.1400 29991231.0000
PNPO    3333.2764    83 20040618.2048 29991231.0000
INUQ    3356.3547    61 20060912.2000 29991231.0000
SNKN    3367.6438    65 20120301.1630 29991231.0000
TULEG   3491.8516    24 20000926.1603 29991231.0000
KJKQ    3507.7332    66 20110813.0000 29991231.0000
CLRN    3514.2368    36 20110113.2100 29991231.0000
KAPO    3520.1304    79 19980114.1900 29991231.0000
KNGQ    3573.0173    53 20110805.0000 29991231.0000
WEMQ    3601.7522    70 20070923.1801 29991231.0000
MALO    3657.0330    76 20030717.2253 29991231.0000
FRB     3667.7629    48 19920413.0100 29991231.0000
KRSQ    3731.7554    55 20110807.0000 29991231.0000
KILO    3749.1958    78 20030622.1304 29991231.0000
CDKN    3754.4805    47 20090820.1512 29991231.0000
SUNO    3762.7329    82 20030623.2115 29991231.0000
NMSQ    3789.6160    71 20090912.1218 29991231.0000
LG4Q    3800.9680    67 19970211.1600 29991231.0000
MATQ    3802.8867    75 20070919.1600 29991231.0000
TOBO    3843.4612    84 20030729.1543 29991231.0000
BELQ    3881.3074    79 20070822.0100 29991231.0000
LSQQ    3884.8853    76 20090913.1844 29991231.0000
VLDQ    3889.7883    78 20020107.0000 29991231.0000
KUQ     3898.6340    58 19900111.0000 29991231.0000
BMRO    3904.8726    85 20070802.1935 29991231.0000
EEO     3905.2529    81 19931005.1321 29991231.0000
BRCO    3914.4314    86 20020206.0000 29991231.0000
BASO    3916.0500    86 20070801.2101 29991231.0000
KLBO    3917.3782    83 20030728.1345 29991231.0000
BWLO    3942.2493    86 20070801.1138 29991231.0000
YOSQ    3952.7207    67 20050626.2047 29991231.0000
BUKO    3962.9346    83 20031102.1800 29991231.0000
CLWO    3972.5781    85 20030725.1725 29991231.0000
CHGQ    3992.7563    73 20071011.1427 29991231.0000
ELFO4   3994.6604    87 20060124.1813 29991231.0000
ELFO    3994.6936    87 20040723.1650 29991231.0000
ELFO1   3994.9282    87 20060124.1813 29991231.0000
ELFO2   3994.9829    87 20060124.1813 29991231.0000
ELFO3   3995.3486    87 20060124.2237 29991231.0000
KAJQ    4002.3826    56 20110810.0000 29991231.0000
PLIO    4013.6404    90 20030822.1600 29991231.0000
ALGO    4013.7617    81 20020911.2300 29991231.0000
SADO    4024.0461    83 19940720.1831 29991231.0000
ACTO    4045.1721    86 20020131.0000 29991231.0000
CRLO    4050.2634    80 19941117.1950 29991231.0000
PEMO    4082.3579    81 20021114.0000 29991231.0000
PKRO    4083.3130    84 20020130.0000 29991231.0000
BANO    4083.5142    82 20020825.1730 29991231.0000
TORO    4090.2649    85 20040504.1900 29991231.0000
TYNO    4093.0557    86 20010807.2149 29991231.0000
GRQ     4107.7910    79 19960712.1853 29991231.0000
DRWO    4111.1372    84 20070620.2042 29991231.0000
DRCO    4112.5605    84 20111026.2045 29991231.0000
WLVO    4128.5674    84 20020129.0000 29991231.0000
EFO     4128.5933    86 19950228.0000 29991231.0000
STCO    4129.3364    85 20011109.0000 29991231.0000
PLVO    4135.6719    81 20040513.2230 29991231.0000
DELO    4136.9023    83 20020827.1720 29991231.0000
SCHQ    4151.9307    62 19980616.1822 29991231.0000
VABQ    4169.5825    79 20101129.1000 29991231.0000
VABQ    4169.5825    79 20101129.1001 29991231.0000
MEDO    4177.6396    85 20040507.2100 29991231.0000
DMCQ    4190.3374    73 20090915.1900 29991231.0000
GAC     4191.0449    79 19920414.0000 29991231.0000
GAC     4191.0449    79 19930427.0000 29991231.0000
GAC     4191.0449    79 20111125.1349 29991231.0000
OTT     4196.8442    80 19920601.0000 29991231.0000
OTT     4196.8442    80 20020101.0100 29991231.0000
OTT     4196.8442    80 20020423.1805 29991231.0000
ORHO    4203.9141    80 20070619.1755 29991231.0000
ORIO    4205.8389    80 20080619.1700 29991231.0000
TRQ     4214.5513    78 19960712.1756 29991231.0000
PECO    4216.2021    83 20020906.1910 29991231.0000
KGNO    4227.4541    82 19991221.2000 29991231.0000
ALFO    4233.0591    79 20031002.2018 29991231.0000
LATQ    4247.4326    75 20070914.1900 29991231.0000
WBO     4250.9956    80 19931216.1945 29991231.0000
WBHL    4259.4595    65 20110718.0000 29991231.0000
MNQ     4290.4009    69 19960201.2019 29991231.0000
DPQ     4293.6719    76 19960920.0001 29991231.0000
DAQ     4303.9858    74 19951108.1950 29991231.0000
MNTQ    4320.0942    78 20100726.0000 29991231.0000
NANL    4338.5000    57 20110724.0000 29991231.0000
QCQ     4379.4116    75 19971101.0100 29991231.0000
QCQ     4379.4116    75 19971202.1400 29991231.0000
LMQ     4386.7446    74 19981002.0100 29991231.0000
LMQ     4386.7446    74 20120501.0000 29991231.0000
A54     4387.4849    74 19990626.0100 29991231.0000
A54     4387.4849    74 20001008.1621 29991231.0000
A61     4391.5044    73 19990618.0100 29991231.0000
A61     4391.5044    73 20001008.1621 29991231.0000
A64     4394.9146    73 19990623.0100 29991231.0000
A64     4394.9146    73 20001011.1846 29991231.0000
CNQ     4409.0244    70 19960201.2020 29991231.0000
A16     4411.2798    74 19990626.0100 29991231.0000
A16     4411.2798    74 20000913.0001 29991231.0000
A11     4414.6548    74 19990627.0100 29991231.0000
A11     4414.6548    74 20000916.1633 29991231.0000
A21     4415.2212    73 19990925.0100 29991231.0000
A21     4415.2212    73 20000910.2229 29991231.0000
MOQ     4417.7573    78 19960917.1201 29991231.0000
SMQ     4431.9014    68 19960202.1441 29991231.0000
ICQ     4442.7231    69 20011112.1824 29991231.0000
GSQ     4491.3867    70 19960109.2100 29991231.0000
MKVL    4556.3145    58 20110726.0000 29991231.0000
NWRL    4599.8877    60 20110721.0000 29991231.0000
NATG    4654.7451    66 20051126.1500 29991231.0000
BATG    4662.7148    71 20051022.1743 29991231.0000
MCA4    4700.9907    74 20120426.1600 29991231.0000
MCA3    4701.1646    74 20120317.2000 29991231.0000
MCA3    4701.1646    74 20120614.0000 29991231.0000
MCA2    4702.2749    74 20120317.1801 29991231.0000
GGN     4764.0288    74 20020130.1301 29991231.0000
LMN     4836.2456    72 19930726.0001 29991231.0000
HAL     4995.7329    73 20080814.1800 29991231.0000
CHEG    5015.7061    69 20051019.1432 29991231.0000
DRLN    5028.5815    64 19931214.0000 29991231.0000
GBN     5065.6060    71 20051017.1234 29991231.0000
SJNN    5420.8706    63 20051012.2100 29991231.0000
