      Mode        Period       Observed      Predicted Observed Sigma
 L C    0     11.0450001      3.6262369      3.6456308      0.0010000
 L C    0     15.0080004      3.7227409      3.7442911      0.0010000
 L C    0     20.0109997      3.8506811      3.8740826      0.0010000
 L C    0     24.9810009      3.9713120      3.9958410      0.0010000
 L C    0     29.9850006      4.0763812      4.1017747      0.0010000
 L C    0     40.0200005      4.2294431      4.2576590      0.0010000
 L C    0     49.9080009      4.3238902      4.3567009      0.0010000
 L C    0     59.8199997      4.3880520      4.4258389      0.0010000
 L C    0     70.1819992      4.4387040      4.4811840      0.0010000
 L C    0     80.1510010      4.4792500      4.5256104      0.0010000
 L C    0     90.0090027      4.5150828      4.5647483      0.0010000
 L C    0     99.4720001      4.5472088      4.5996547      0.0010000
 L C    0    124.4749985      4.6272249      4.6857181      0.0010000
 L C    0    150.4799957      4.7082701      4.7717929      0.0010000
 L C    0    175.9989929      4.7883158      4.8559823      0.0010000
 L C    0    198.4750061      4.8599672      4.9308081      0.0010000
 L C    0    252.3159943      5.0365462      5.1135001      0.0010000
 L C    0    301.7149963      5.2029619      5.2837887      0.0010000
 L C    0    347.5029907      5.3578548      5.4408402      0.0010000
 L C    0    392.8059998      5.5085521      5.5924311      0.0010000
 L C    0    506.1719971      5.8580852      5.9402952      0.0010000
 L C    1      9.9980001      4.4611201      4.4808578      0.0010000
 L C    1     14.9919996      4.5918422      4.6239185      0.0010000
 L C    1     20.0189991      4.6340232      4.6781502      0.0010000
 L C    1     24.9780006      4.6791530      4.7306714      0.0010000
 L C    1     30.0450001      4.7330441      4.7891254      0.0010000
 L C    1     40.0699997      4.8613458      4.9207830      0.0010000
 L C    1     50.0950012      5.0099740      5.0704165      0.0010000
 L C    1     59.8339996      5.1661849      5.2284260      0.0010000
 L C    1     69.8199997      5.3333020      5.3985062      0.0010000
 L C    1     80.2539978      5.5115218      5.5805140      0.0010000
 L C    1     89.8280029      5.6768060      5.7494431      0.0010000
 L C    1     99.8629990      5.8518610      5.9282002      0.0010000
 L C    1    125.6039963      6.3109369      6.3941598      0.0010000
 L C    1    150.1470032      6.7495451      6.8338633      0.0010000
 L C    1    176.6360016      7.1944628      7.2758923      0.0010000
 L C    1    200.0169983      7.5522122      7.6313105      0.0010000
 L C    1    249.3150024      8.2338800      8.3145199      0.0010000
 L C    1    306.8250122      8.9976568      9.0878439      0.0010000
 L C    1    358.8890076      9.6990633      9.7988758      0.0010000
 L C    1    407.3139954     10.3450899     10.4520369      0.0010000
 L C    1    518.7719727     11.8712797     12.0031643      0.0010000
 L C    2     10.0019999      4.6028810      4.6373267      0.0010000
 L C    2     15.0019999      4.7186050      4.7589202      0.0010000
 L C    2     20.0160007      4.8366308      4.8766870      0.0010000
 L C    2     24.9780006      4.9539661      4.9969468      0.0010000
 L C    2     30.0249996      5.0790062      5.1275053      0.0010000
 L C    2     40.0359993      5.3611112      5.4214573      0.0010000
 L C    2     49.8979988      5.6695910      5.7367229      0.0010000
 L C    2     59.9420013      5.9893608      6.0611453      0.0010000
 L C    2     69.9069977      6.3272700      6.4043698      0.0010000
 L C    2     80.1259995      6.7058811      6.7858443      0.0010000
 L C    2     90.3580017      7.0882788      7.1642718      0.0010000
 L C    2     99.3730011      7.3913479      7.4607134      0.0010000
 L C    2    125.4089966      8.0809526      8.1451168      0.0010000
 L C    2    151.0579987      8.6884642      8.7605171      0.0010000
 L C    2    175.8339996      9.2921782      9.3723764      0.0010000
 L C    2    198.2389984      9.8501759      9.9371233      0.0010000
 L C    2    248.8970032     11.0917597     11.1944361      0.0010000
 L C    2    305.5220032     12.4783001     12.6161795      0.0010000
 L C    3      9.9949999      4.6979680      4.7332625      0.0010000
 L C    3     14.9940004      4.8762498      4.9139600      0.0010000
 L C    3     19.9869995      5.0512571      5.0936880      0.0010000
 L C    3     24.9860001      5.2441740      5.2932787      0.0010000
 L C    3     29.9619999      5.4643841      5.5193791      0.0010000
 L C    3     39.9339981      5.9138932      5.9770617      0.0010000
 L C    3     50.1240005      6.4146280      6.4888701      0.0010000
 L C    3     60.0509987      6.9801612      7.0499058      0.0010000
 L C    3     70.1809998      7.4560251      7.5116167      0.0010000
 L C    3     80.4349976      7.8373251      7.8939242      0.0010000
 L C    3     89.7789993      8.1811781      8.2446280      0.0010000
 L C    3    100.3099976      8.5820417      8.6498451      0.0010000
 L C    3    125.7429962      9.5029516      9.5779915      0.0010000
 L C    3    150.6759949     10.4184704     10.5101042      0.0010000
 L C    3    172.9649963     11.2894802     11.3933926      0.0010000
 L C    3    198.0780029     12.2480803     12.3639240      0.0010000
 L U    0     11.0450001      3.3789589      3.4009497      0.0010000
 L U    0     15.0080004      3.3687379      3.3939629      0.0010000
 L U    0     20.0109997      3.3944149      3.4209912      0.0010000
 L U    0     24.9810009      3.4657381      3.4927809      0.0010000
 L U    0     29.9850006      3.5701489      3.5964656      0.0010000
 L U    0     40.0200005      3.7963841      3.8172560      0.0010000
 L U    0     49.9080009      3.9655571      3.9835443      0.0010000
 L U    0     59.8199997      4.0733762      4.0936375      0.0010000
 L U    0     70.1819992      4.1425872      4.1676402      0.0010000
 L U    0     80.1510010      4.1845279      4.2144666      0.0010000
 L U    0     90.0090027      4.2119732      4.2463017      0.0010000
 L U    0     99.4720001      4.2301760      4.2681842      0.0010000
 L U    0    124.4749985      4.2576489      4.3032670      0.0010000
 L U    0    150.4799957      4.2714548      4.3228703      0.0010000
 L U    0    175.9989929      4.2795720      4.3355856      0.0010000
 L U    0    198.4750061      4.2855730      4.3452067      0.0010000
 L U    0    252.3159943      4.3051219      4.3729725      0.0010000
 L U    0    301.7149963      4.3387032      4.4140792      0.0010000
 L U    0    347.5029907      4.3883481      4.4704652      0.0010000
 L U    0    392.8059998      4.4559240      4.5439758      0.0010000
 L U    0    506.1719971      4.6907072      4.7881312      0.0010000
 L U    1      9.9980001      3.8538091      3.8715522      0.0010000
 L U    1     14.9919996      4.4467859      4.4458127      0.0010000
 L U    1     20.0189991      4.4575038      4.4804707      0.0010000
 L U    1     24.9780006      4.4319310      4.4709535      0.0010000
 L U    1     30.0450001      4.3990712      4.4515781      0.0010000
 L U    1     40.0699997      4.3465128      4.4137158      0.0010000
 L U    1     50.0950012      4.3248401      4.3908901      0.0010000
 L U    1     59.8339996      4.3286362      4.3894105      0.0010000
 L U    1     69.8199997      4.3545942      4.4119868      0.0010000
 L U    1     80.2539978      4.3984509      4.4552126      0.0010000
 L U    1     89.8280029      4.4444652      4.5026073      0.0010000
 L U    1     99.8629990      4.4931040      4.5543618      0.0010000
 L U    1    125.6039963      4.6353340      4.7111692      0.0010000
 L U    1    150.1470032      4.8481431      4.9391942      0.0010000
 L U    1    176.6360016      5.1576219      5.2524762      0.0010000
 L U    1    200.0169983      5.4317112      5.5189724      0.0010000
 L U    1    249.3150024      5.8600402      5.9271331      0.0010000
 L U    1    306.8250122      6.1706691      6.2309446      0.0010000
 L U    1    358.8890076      6.4641728      6.5333633      0.0010000
 L U    1    407.3139954      6.8010821      6.8764105      0.0010000
 L U    1    518.7719727      7.1104741      7.1501007      0.0010000
 L U    2     10.0019999      4.4431720      4.4358869      0.0010000
 L U    2     15.0019999      4.3736792      4.4285393      0.0010000
 L U    2     20.0160007      4.3994050      4.4443464      0.0010000
 L U    2     24.9780006      4.4092159      4.4438848      0.0010000
 L U    2     30.0249996      4.3978620      4.4279752      0.0010000
 L U    2     40.0359993      4.3591580      4.4018626      0.0010000
 L U    2     49.8979988      4.4258618      4.4854445      0.0010000
 L U    2     59.9420013      4.5108390      4.5705824      0.0010000
 L U    2     69.9069977      4.5325770      4.5949759      0.0010000
 L U    2     80.1259995      4.6028590      4.6848249      0.0010000
 L U    2     90.3580017      4.8553920      4.9617572      0.0010000
 L U    2     99.3730011      5.1979718      5.3032260      0.0010000
 L U    2    125.4089966      5.8898001      5.9439006      0.0010000
 L U    2    151.0579987      6.1277642      6.1743097      0.0010000
 L U    2    175.8339996      6.3228769      6.3770819      0.0010000
 L U    2    198.2389984      6.5454898      6.6034894      0.0010000
 L U    2    248.8970032      7.2376041      7.2986155      0.0010000
 L U    2    305.5220032      7.4238081      7.4320288      0.0010000
 L U    3      9.9949999      4.3968401      4.4274788      0.0010000
 L U    3     14.9940004      4.3871942      4.4297223      0.0010000
 L U    3     19.9869995      4.4150782      4.4455748      0.0010000
 L U    3     24.9860001      4.3652158      4.3996806      0.0010000
 L U    3     29.9619999      4.3562169      4.3984432      0.0010000
 L U    3     39.9339981      4.5368528      4.5829911      0.0010000
 L U    3     50.1240005      4.4771762      4.5342245      0.0010000
 L U    3     60.0509987      4.7408662      4.8570576      0.0010000
 L U    3     70.1809998      5.4066901      5.4891119      0.0010000
 L U    3     80.4349976      5.7126751      5.7448702      0.0010000
 L U    3     89.7789993      5.7802758      5.8153048      0.0010000
 L U    3    100.3099976      5.9409881      6.0001106      0.0010000
 L U    3    125.7429962      6.4605060      6.5042391      0.0010000
 L U    3    150.6759949      6.6942849      6.7385254      0.0010000
 L U    3    172.9649963      7.0605788      7.1312447      0.0010000
 L U    3    198.0780029      7.5451059      7.5955124      0.0010000
 R C    0     12.2180004      3.2779789      3.2950110      0.0010000
 R C    0     15.0080004      3.3699231      3.3877385      0.0010000
 R C    0     20.0070000      3.5569229      3.5757461      0.0010000
 R C    0     24.9860001      3.7128670      3.7322967      0.0010000
 R C    0     30.0160007      3.8157761      3.8361824      0.0010000
 R C    0     39.9729996      3.9194579      3.9442427      0.0010000
 R C    0     50.0530014      3.9689910      4.0000577      0.0010000
 R C    0     60.1040001      4.0000620      4.0374513      0.0010000
 R C    0     69.8020020      4.0244508      4.0671835      0.0010000
 R C    0     80.0469971      4.0492630      4.0965972      0.0010000
 R C    0     89.7340012      4.0739608      4.1247206      0.0010000
 R C    0    100.0719986      4.1027012      4.1564140      0.0010000
 R C    0    124.9980011      4.1862149      4.2443762      0.0010000
 R C    0    149.3300018      4.2890329      4.3495312      0.0010000
 R C    0    175.6860046      4.4242859      4.4860287      0.0010000
 R C    0    201.0789948      4.5764828      4.6383829      0.0010000
 R C    0    250.3639984      4.9196229      4.9781446      0.0010000
 R C    0    297.7600098      5.2720690      5.3223057      0.0010000
 R C    0    347.7680054      5.6149321      5.6543474      0.0010000
 R C    0    407.5010071      5.9535398      5.9821863      0.0010000
 R C    0    503.4719849      6.3606620      6.3766308      0.0010000
 R C    1      9.9989996      4.3776598      4.3958287      0.0010000
 R C    1     14.9989996      4.5505490      4.5756874      0.0010000
 R C    1     19.9979992      4.6281590      4.6701455      0.0010000
 R C    1     24.9880009      4.6909728      4.7408252      0.0010000
 R C    1     30.0000000      4.7569590      4.8098907      0.0010000
 R C    1     39.9399986      4.9010310      4.9568362      0.0010000
 R C    1     49.8880005      5.0624652      5.1224995      0.0010000
 R C    1     59.9319992      5.2386599      5.3040681      0.0010000
 R C    1     70.0220032      5.4187679      5.4888511      0.0010000
 R C    1     79.9660034      5.5931721      5.6667147      0.0010000
 R C    1     89.6589966      5.7609081      5.8368807      0.0010000
 R C    1     99.8880005      5.9370670      6.0144687      0.0010000
 R C    1    124.8600006      6.3485212      6.4248567      0.0010000
 R C    1    151.0460052      6.7093449      6.7849832      0.0010000
 R C    1    176.1860046      6.9909000      7.0734596      0.0010000
 R C    1    201.1000061      7.2384171      7.3359952      0.0010000
 R C    1    252.7120056      7.7269440      7.8812447      0.0010000
 R C    1    298.5620117      8.1258507      8.1702337      0.0010000
 R C    1    362.2250061      8.1860590      8.0859356      0.0010000
 R C    1    392.2000122      8.1652498      8.0511837      0.0010000
 R C    1    510.0669861      8.2610722      8.0817585      0.0010000
 R C    2      9.9960003      4.6005931      4.6343651      0.0010000
 R C    2     15.0019999      4.6854420      4.7287903      0.0010000
 R C    2     19.9979992      4.8291450      4.8707891      0.0010000
 R C    2     24.9810009      4.9687090      5.0147867      0.0010000
 R C    2     29.9589996      5.1096931      5.1608400      0.0010000
 R C    2     39.9819984      5.4265871      5.4819555      0.0010000
 R C    2     50.0810013      5.7297559      5.7877412      0.0010000
 R C    2     60.0349998      6.0342588      6.1004047      0.0010000
 R C    2     70.0550003      6.3844700      6.4581323      0.0010000
 R C    2     79.9400024      6.7215338      6.7955656      0.0010000
 R C    2     90.0660019      6.9992762      7.0719585      0.0010000
 R C    2     99.9909973      7.2132869      7.2881632      0.0010000
 R C    2    126.0690002      7.6512480      7.7446165      0.0010000
 R C    2    149.5700073      7.9891319      8.1027670      0.0010000
 R C    2    174.6360016      8.3353205      8.4084549      0.0010000
 R C    2    202.1150055      8.4279165      8.3624372      0.0010000
 R C    2    245.2400055      8.3706827      8.2918539      0.0010000
 R C    2    291.2739868      8.3291693      8.3629980      0.0010000
 R C    2    344.1300049      8.6165018      8.9567881      0.0010000
 R C    2    388.0409851      8.9704132      9.4480944      0.0010000
 R C    2    487.5700073      9.6589804     10.4475746      0.0010000
 R C    3     10.0039997      4.6991792      4.7346468      0.0010000
 R C    3     14.9899998      4.8510962      4.8898811      0.0010000
 R C    3     20.0119991      5.0450191      5.0877037      0.0010000
 R C    3     24.9909992      5.2776279      5.3266249      0.0010000
 R C    3     29.9580002      5.5101328      5.5639095      0.0010000
 R C    3     40.0110016      5.9376340      6.0011945      0.0010000
 R C    3     49.9389992      6.4905410      6.5568643      0.0010000
 R C    3     60.1459999      6.9691148      7.0237961      0.0010000
 R C    3     70.0830002      7.2761941      7.3331313      0.0010000
 R C    3     79.8690033      7.5368481      7.6040654      0.0010000
 R C    3     89.4189987      7.7855730      7.8630056      0.0010000
 R C    3    100.1940002      8.0712423      8.1565647      0.0010000
 R C    3    125.0979996      8.5330887      8.4974041      0.0010000
 R C    3    149.5140076      8.4995518      8.4533663      0.0010000
 R C    3    171.8529968      8.4702969      8.4328871      0.0010000
 R C    3    196.8450012      8.6535854      8.8016949      0.0010000
 R C    3    252.8930054      9.5932856      9.7647762      0.0010000
 R C    3    298.1879883     10.7395697     10.8917751      0.0010000
 R C    3    355.0979919     13.2623396     13.1396847      0.0010000
 R U    0     12.2180004      2.9260020      2.9681697      0.0010000
 R U    0     15.0080004      2.8796861      2.9198327      0.0010000
 R U    0     20.0070000      2.9633160      2.9708338      0.0010000
 R U    0     24.9860001      3.1814139      3.1819260      0.0010000
 R U    0     30.0160007      3.4009390      3.4058394      0.0010000
 R U    0     39.9729996      3.6669600      3.6743138      0.0010000
 R U    0     50.0530014      3.7863159      3.7943912      0.0010000
 R U    0     60.1040001      3.8368640      3.8495114      0.0010000
 R U    0     69.8020020      3.8533821      3.8730795      0.0010000
 R U    0     80.0469971      3.8517420      3.8797662      0.0010000
 R U    0     89.7340012      3.8392179      3.8747444      0.0010000
 R U    0    100.0719986      3.8185401      3.8608692      0.0010000
 R U    0    124.9980011      3.7517180      3.8058100      0.0010000
 R U    0    149.3300018      3.6807699      3.7412584      0.0010000
 R U    0    175.6860046      3.6129551      3.6776481      0.0010000
 R U    0    201.0789948      3.5669060      3.6352274      0.0010000
 R U    0    250.3639984      3.5689011      3.6462960      0.0010000
 R U    0    297.7600098      3.7275290      3.8109736      0.0010000
 R U    0    347.7680054      4.0285168      4.1075196      0.0010000
 R U    0    407.5010071      4.4197330      4.4858279      0.0010000
 R U    0    503.4719849      4.9883242      5.0503368      0.0010000
 R U    1      9.9989996      4.0122991      3.8910694      0.0010000
 R U    1     14.9989996      4.2423272      4.2353477      0.0010000
 R U    1     19.9979992      4.3719220      4.3840966      0.0010000
 R U    1     24.9880009      4.3801670      4.4217892      0.0010000
 R U    1     30.0000000      4.3684669      4.4236965      0.0010000
 R U    1     39.9399986      4.3438501      4.4004688      0.0010000
 R U    1     49.8880005      4.3240981      4.3752818      0.0010000
 R U    1     59.9319992      4.3385229      4.3915782      0.0010000
 R U    1     70.0220032      4.3981171      4.4580641      0.0010000
 R U    1     79.9660034      4.4690552      4.5352554      0.0010000
 R U    1     89.6589966      4.5304060      4.6025367      0.0010000
 R U    1     99.8880005      4.5964789      4.6760473      0.0010000
 R U    1    124.8600006      4.8641272      4.9548221      0.0010000
 R U    1    151.0460052      5.2486191      5.3205566      0.0010000
 R U    1    176.1860046      5.5313182      5.5721593      0.0010000
 R U    1    201.1000061      5.6996770      5.7089152      0.0010000
 R U    1    252.7120056      5.9023290      5.8635340      0.0010000
 R U    1    298.5620117      6.5168948      8.3998175      0.0010000
 R U    1    362.2250061      8.4733963      8.5835514      0.0010000
 R U    1    392.2000122      8.3820066      8.4631701      0.0010000
 R U    1    510.0669861      6.9839549      7.0845938      0.0010000
 R U    2      9.9960003      4.4862499      4.4832129      0.0010000
 R U    2     15.0019999      4.3261580      4.3885932      0.0010000
 R U    2     19.9979992      4.2966132      4.3416615      0.0010000
 R U    2     24.9810009      4.3559222      4.3903594      0.0010000
 R U    2     29.9589996      4.3447618      4.3851471      0.0010000
 R U    2     39.9819984      4.3863139      4.4469624      0.0010000
 R U    2     50.0810013      4.5599012      4.6065278      0.0010000
 R U    2     60.0349998      4.5367718      4.5763054      0.0010000
 R U    2     70.0550003      4.5696311      4.6320171      0.0010000
 R U    2     79.9400024      4.8953061      4.9819303      0.0010000
 R U    2     90.0660019      5.3380098      5.4149480      0.0010000
 R U    2     99.9909973      5.6649480      5.7212644      0.0010000
 R U    2    126.0690002      6.1191058      6.1510544      0.0010000
 R U    2    149.5700073      6.3268738      6.3661065      0.0010000
 R U    2    174.6360016      6.4605141      8.6716919      0.0010000
 R U    2    202.1150055      8.6953306      8.7181473      0.0010000
 R U    2    245.2400055      8.6922112      8.6788225      0.0010000
 R U    2    291.2739868      8.2710934      6.2666731      0.0010000
 R U    2    344.1300049      6.4704781      6.2196112      0.0010000
 R U    2    388.0409851      6.7104712      6.5332041      0.0010000
 R U    2    487.5700073      7.3287020      7.2907186      0.0010000
 R U    3     10.0039997      4.4321508      4.4569016      0.0010000
 R U    3     14.9899998      4.3823261      4.4247789      0.0010000
 R U    3     20.0119991      4.2962198      4.3294425      0.0010000
 R U    3     24.9909992      4.2810192      4.3157935      0.0010000
 R U    3     29.9580002      4.4463310      4.4937434      0.0010000
 R U    3     40.0110016      4.4726019      4.5139575      0.0010000
 R U    3     49.9389992      4.4992042      4.5904546      0.0010000
 R U    3     60.1459999      5.3000612      5.3783154      0.0010000
 R U    3     70.0830002      5.7379980      5.7647557      0.0010000
 R U    3     79.8690033      5.8967142      5.9124970      0.0010000
 R U    3     89.4189987      5.9785709      6.0110102      0.0010000
 R U    3    100.1940002      6.0361180      6.1010995      0.0010000
 R U    3    125.0979996      8.7048054      8.7351971      0.0010000
 R U    3    149.5140076      8.6975393      8.7247496      0.0010000
 R U    3    171.8529968      8.6814966      6.7558484      0.0010000
 R U    3    196.8450012      6.4920020      6.5651379      0.0010000
 R U    3    252.8930054      6.2634988      6.4089704      0.0010000
 R U    3    298.1879883      5.6776538      5.9153018      0.0010000
 R U    3    355.0979919      5.2306480      5.8662496      0.0010000
