___________________________________________________________________________________________
Elastic  Love wave:     Period=    10.000 Mode =    0 C=     3.697 U=     3.471
LAYER    THICK     dc/db      dU/db      dc/dh      dU/dh
    1     1.000  5.438E-02  9.366E-02 -5.011E-02 -7.176E-02
    2     1.000  7.070E-02  1.191E-01 -1.346E-02 -7.753E-03
    3     1.000  6.889E-02  1.133E-01 -1.346E-02 -7.753E-03
    4     1.000  6.675E-02  1.068E-01 -1.346E-02 -7.753E-03
    5     1.000  6.430E-02  9.956E-02 -1.346E-02 -7.753E-03
    6     1.000  6.157E-02  9.181E-02 -1.346E-02 -7.753E-03
    7     1.000  5.860E-02  8.364E-02 -1.346E-02 -7.753E-03
    8     1.000  5.542E-02  7.516E-02 -1.346E-02 -7.753E-03
    9     1.000  5.207E-02  6.650E-02 -1.346E-02 -7.753E-03
   10     1.000  4.859E-02  5.779E-02 -1.346E-02 -7.753E-03
   11     1.000  4.816E-02  5.238E-02 -4.711E-03  2.603E-03
   12     1.000  4.451E-02  4.414E-02 -4.711E-03  2.603E-03
   13     1.000  4.103E-02  3.668E-02 -4.711E-03  2.603E-03
   14     1.000  3.769E-02  2.997E-02 -4.711E-03  2.603E-03
   15     1.000  3.451E-02  2.395E-02 -4.711E-03  2.603E-03
   16     1.000  3.149E-02  1.859E-02 -4.711E-03  2.603E-03
   17     1.000  2.861E-02  1.384E-02 -4.711E-03  2.603E-03
   18     1.000  2.590E-02  9.656E-03 -4.711E-03  2.603E-03
   19     1.000  2.333E-02  6.002E-03 -4.711E-03  2.603E-03
   20     1.000  2.091E-02  2.851E-03 -4.711E-03  2.603E-03
   21     1.000  1.954E-02  1.376E-04 -1.102E-03  2.980E-03
   22     1.000  1.742E-02 -2.039E-03 -1.102E-03  2.980E-03
   23     1.000  1.550E-02 -3.721E-03 -1.102E-03  2.980E-03
   24     1.000  1.376E-02 -4.987E-03 -1.102E-03  2.980E-03
   25     1.000  1.220E-02 -5.903E-03 -1.102E-03  2.980E-03
   26     1.000  1.079E-02 -6.528E-03 -1.102E-03  2.980E-03
   27     1.000  9.523E-03 -6.910E-03 -1.102E-03  2.980E-03
   28     1.000  8.379E-03 -7.094E-03 -1.102E-03  2.980E-03
   29     1.000  7.351E-03 -7.118E-03 -1.102E-03  2.980E-03
   30     1.000  6.427E-03 -7.013E-03 -1.102E-03  2.980E-03
   31     1.000  5.597E-03 -6.807E-03 -1.102E-03  2.980E-03
   32     1.000  4.855E-03 -6.524E-03 -1.102E-03  2.980E-03
   33     1.000  4.192E-03 -6.183E-03 -1.102E-03  2.980E-03
   34     1.000  3.601E-03 -5.804E-03 -1.102E-03  2.980E-03
   35     1.000  3.077E-03 -5.399E-03 -1.102E-03  2.980E-03
   36     1.000  2.614E-03 -4.981E-03 -1.102E-03  2.980E-03
   37     1.000  2.207E-03 -4.560E-03 -1.102E-03  2.980E-03
   38     1.000  1.853E-03 -4.145E-03 -1.102E-03  2.980E-03
   39     1.000  1.548E-03 -3.743E-03 -1.102E-03  2.980E-03
   40     1.000  1.288E-03 -3.358E-03 -1.102E-03  2.980E-03
   41     1.000  9.728E-04 -2.779E-03  0.000E+00  0.000E+00
   42     1.000  7.886E-04 -2.424E-03  0.000E+00  0.000E+00
   43     1.000  6.393E-04 -2.103E-03  0.000E+00  0.000E+00
   44     1.000  5.183E-04 -1.817E-03  0.000E+00  0.000E+00
   45     1.000  4.201E-04 -1.564E-03  0.000E+00  0.000E+00
   46     1.000  3.406E-04 -1.342E-03  0.000E+00  0.000E+00
   47     1.000  2.761E-04 -1.148E-03  0.000E+00  0.000E+00
   48     1.000  2.238E-04 -9.787E-04  0.000E+00  0.000E+00
   49     1.000  1.815E-04 -8.327E-04  0.000E+00  0.000E+00
   50     1.000  1.471E-04 -7.069E-04  0.000E+00  0.000E+00
   51     1.000  1.193E-04 -5.989E-04  0.000E+00  0.000E+00
   52     1.000  9.669E-05 -5.064E-04  0.000E+00  0.000E+00
   53     1.000  7.838E-05 -4.275E-04  0.000E+00  0.000E+00
   54     1.000  6.354E-05 -3.603E-04  0.000E+00  0.000E+00
   55     1.000  5.151E-05 -3.033E-04  0.000E+00  0.000E+00
   56     1.000  4.176E-05 -2.549E-04  0.000E+00  0.000E+00
   57     1.000  3.386E-05 -2.139E-04  0.000E+00  0.000E+00
   58     1.000  2.745E-05 -1.794E-04  0.000E+00  0.000E+00
   59     1.000  2.225E-05 -1.502E-04  0.000E+00  0.000E+00
   60     1.000  9.530E-05 -7.522E-04  0.000E+00  0.000E+00
___________________________________________________________________________________________
Anelastic Love wave:     Period=    10.000 Mode =    0 C=     3.688 U=     3.466 GAMMA=  2.731E-04
LAYER    THICK     dc/db      dU/db      dc/dh      dU/dh     dc/dQbi    dU/dQbi    dg/dQbi
    1     1.000  5.422E-02  9.363E-02 -5.011E-02 -7.176E-02 -1.152E-01 -7.065E-02  3.613E-03
    2     1.000  7.051E-02  1.191E-01 -1.346E-02 -7.753E-03 -1.824E-01 -1.119E-01  5.721E-03
    3     1.000  6.870E-02  1.133E-01 -1.346E-02 -7.753E-03 -1.777E-01 -1.090E-01  5.574E-03
    4     1.000  6.657E-02  1.067E-01 -1.346E-02 -7.753E-03 -1.722E-01 -1.056E-01  5.401E-03
    5     1.000  6.413E-02  9.952E-02 -1.346E-02 -7.753E-03 -1.659E-01 -1.018E-01  5.203E-03
    6     1.000  6.141E-02  9.177E-02 -1.346E-02 -7.753E-03 -1.589E-01 -9.744E-02  4.982E-03
    7     1.000  5.845E-02  8.359E-02 -1.346E-02 -7.753E-03 -1.512E-01 -9.274E-02  4.742E-03
    8     1.000  5.528E-02  7.511E-02 -1.346E-02 -7.753E-03 -1.430E-01 -8.771E-02  4.485E-03
    9     1.000  5.193E-02  6.645E-02 -1.346E-02 -7.753E-03 -1.343E-01 -8.240E-02  4.213E-03
   10     1.000  4.846E-02  5.773E-02 -1.346E-02 -7.753E-03 -1.254E-01 -7.689E-02  3.932E-03
   11     1.000  4.804E-02  5.232E-02 -4.711E-03  2.603E-03 -1.306E-01 -8.011E-02  4.096E-03
   12     1.000  4.440E-02  4.408E-02 -4.711E-03  2.603E-03 -1.207E-01 -7.405E-02  3.786E-03
   13     1.000  4.092E-02  3.662E-02 -4.711E-03  2.603E-03 -1.113E-01 -6.824E-02  3.489E-03
   14     1.000  3.760E-02  2.990E-02 -4.711E-03  2.603E-03 -1.022E-01 -6.270E-02  3.206E-03
   15     1.000  3.443E-02  2.389E-02 -4.711E-03  2.603E-03 -9.359E-02 -5.741E-02  2.935E-03
   16     1.000  3.141E-02  1.853E-02 -4.711E-03  2.603E-03 -8.539E-02 -5.238E-02  2.678E-03
   17     1.000  2.854E-02  1.377E-02 -4.711E-03  2.603E-03 -7.760E-02 -4.760E-02  2.434E-03
   18     1.000  2.583E-02  9.593E-03 -4.711E-03  2.603E-03 -7.022E-02 -4.308E-02  2.203E-03
   19     1.000  2.327E-02  5.941E-03 -4.711E-03  2.603E-03 -6.326E-02 -3.880E-02  1.984E-03
   20     1.000  2.086E-02  2.792E-03 -4.711E-03  2.603E-03 -5.671E-02 -3.478E-02  1.779E-03
   21     1.000  1.954E-02  1.078E-04 -1.102E-03  2.980E-03 -5.543E-02 -3.400E-02  1.738E-03
   22     1.000  1.742E-02 -2.069E-03 -1.102E-03  2.980E-03 -4.940E-02 -3.030E-02  1.549E-03
   23     1.000  1.550E-02 -3.751E-03 -1.102E-03  2.980E-03 -4.395E-02 -2.696E-02  1.379E-03
   24     1.000  1.376E-02 -5.016E-03 -1.102E-03  2.980E-03 -3.904E-02 -2.395E-02  1.225E-03
   25     1.000  1.220E-02 -5.932E-03 -1.102E-03  2.980E-03 -3.461E-02 -2.123E-02  1.086E-03
   26     1.000  1.079E-02 -6.555E-03 -1.102E-03  2.980E-03 -3.061E-02 -1.878E-02  9.601E-04
   27     1.000  9.523E-03 -6.936E-03 -1.102E-03  2.980E-03 -2.701E-02 -1.657E-02  8.472E-04
   28     1.000  8.379E-03 -7.119E-03 -1.102E-03  2.980E-03 -2.377E-02 -1.458E-02  7.455E-04
   29     1.000  7.351E-03 -7.141E-03 -1.102E-03  2.980E-03 -2.085E-02 -1.279E-02  6.539E-04
   30     1.000  6.427E-03 -7.034E-03 -1.102E-03  2.980E-03 -1.823E-02 -1.118E-02  5.717E-04
   31     1.000  5.597E-03 -6.826E-03 -1.102E-03  2.980E-03 -1.588E-02 -9.739E-03  4.980E-04
   32     1.000  4.855E-03 -6.542E-03 -1.102E-03  2.980E-03 -1.377E-02 -8.447E-03  4.319E-04
   33     1.000  4.192E-03 -6.200E-03 -1.102E-03  2.980E-03 -1.189E-02 -7.293E-03  3.729E-04
   34     1.000  3.601E-03 -5.819E-03 -1.102E-03  2.980E-03 -1.021E-02 -6.266E-03  3.204E-04
   35     1.000  3.077E-03 -5.412E-03 -1.102E-03  2.980E-03 -8.727E-03 -5.353E-03  2.737E-04
   36     1.000  2.614E-03 -4.993E-03 -1.102E-03  2.980E-03 -7.414E-03 -4.548E-03  2.325E-04
   37     1.000  2.207E-03 -4.571E-03 -1.102E-03  2.980E-03 -6.261E-03 -3.840E-03  1.964E-04
   38     1.000  1.853E-03 -4.155E-03 -1.102E-03  2.980E-03 -5.256E-03 -3.224E-03  1.649E-04
   39     1.000  1.548E-03 -3.751E-03 -1.102E-03  2.980E-03 -4.390E-03 -2.693E-03  1.377E-04
   40     1.000  1.288E-03 -3.366E-03 -1.102E-03  2.980E-03 -3.653E-03 -2.241E-03  1.146E-04
   41     1.000  9.697E-04 -2.787E-03  0.000E+00  0.000E+00 -3.351E-03 -2.055E-03  1.051E-04
   42     1.000  7.861E-04 -2.430E-03  0.000E+00  0.000E+00 -2.717E-03 -1.666E-03  8.520E-05
   43     1.000  6.373E-04 -2.109E-03  0.000E+00  0.000E+00 -2.202E-03 -1.351E-03  6.907E-05
   44     1.000  5.166E-04 -1.822E-03  0.000E+00  0.000E+00 -1.785E-03 -1.095E-03  5.599E-05
   45     1.000  4.188E-04 -1.568E-03  0.000E+00  0.000E+00 -1.447E-03 -8.878E-04  4.539E-05
   46     1.000  3.395E-04 -1.345E-03  0.000E+00  0.000E+00 -1.173E-03 -7.197E-04  3.680E-05
   47     1.000  2.752E-04 -1.150E-03  0.000E+00  0.000E+00 -9.512E-04 -5.835E-04  2.983E-05
   48     1.000  2.231E-04 -9.811E-04  0.000E+00  0.000E+00 -7.711E-04 -4.730E-04  2.419E-05
   49     1.000  1.809E-04 -8.347E-04  0.000E+00  0.000E+00 -6.251E-04 -3.835E-04  1.961E-05
   50     1.000  1.467E-04 -7.086E-04  0.000E+00  0.000E+00 -5.068E-04 -3.109E-04  1.589E-05
   51     1.000  1.189E-04 -6.003E-04  0.000E+00  0.000E+00 -4.108E-04 -2.520E-04  1.289E-05
   52     1.000  9.638E-05 -5.076E-04  0.000E+00  0.000E+00 -3.331E-04 -2.043E-04  1.045E-05
   53     1.000  7.814E-05 -4.285E-04  0.000E+00  0.000E+00 -2.700E-04 -1.656E-04  8.469E-06
   54     1.000  6.334E-05 -3.611E-04  0.000E+00  0.000E+00 -2.189E-04 -1.343E-04  6.866E-06
   55     1.000  5.135E-05 -3.039E-04  0.000E+00  0.000E+00 -1.775E-04 -1.089E-04  5.566E-06
   56     1.000  4.163E-05 -2.554E-04  0.000E+00  0.000E+00 -1.439E-04 -8.825E-05  4.512E-06
   57     1.000  3.375E-05 -2.144E-04  0.000E+00  0.000E+00 -1.166E-04 -7.154E-05  3.658E-06
   58     1.000  2.736E-05 -1.798E-04  0.000E+00  0.000E+00 -9.455E-05 -5.800E-05  2.966E-06
   59     1.000  2.218E-05 -1.506E-04  0.000E+00  0.000E+00 -7.665E-05 -4.702E-05  2.404E-06
   60     1.000  9.500E-05 -7.538E-04  0.000E+00  0.000E+00 -3.283E-04 -2.014E-04  1.030E-05
___________________________________________________________________________________________
Elastic  Rayleigh wave: Period=    10.000 Mode =    0 C=     3.341 U=     3.111
LAYER    THICK     dc/da      dc/db      dU/da      dU/db      dC/dh      dU/dh
    1     1.000  2.239E-02  2.732E-02  4.218E-02  4.471E-02 -4.678E-02 -6.223E-02
    2     1.000  2.078E-02  1.698E-02  3.206E-02  1.694E-02 -1.478E-02 -1.451E-02
    3     1.000  1.553E-02  1.005E-02  1.908E-02  1.665E-02 -1.478E-02 -1.451E-02
    4     1.000  1.171E-02  1.232E-02  1.077E-02  3.875E-02 -1.478E-02 -1.451E-02
    5     1.000  8.921E-03  1.893E-02  5.542E-03  6.566E-02 -1.478E-02 -1.451E-02
    6     1.000  6.897E-03  2.690E-02  2.352E-03  8.860E-02 -1.478E-02 -1.451E-02
    7     1.000  5.433E-03  3.450E-02  4.852E-04  1.040E-01 -1.478E-02 -1.451E-02
    8     1.000  4.382E-03  4.086E-02 -5.265E-04  1.111E-01 -1.478E-02 -1.451E-02
    9     1.000  3.639E-03  4.559E-02 -9.873E-04  1.109E-01 -1.478E-02 -1.451E-02
   10     1.000  3.131E-03  4.867E-02 -1.087E-03  1.050E-01 -1.478E-02 -1.451E-02
   11     1.000  1.865E-03  4.341E-02 -1.706E-03  8.401E-02 -5.335E-03  5.341E-03
   12     1.000  1.398E-03  4.423E-02 -1.725E-03  7.372E-02 -5.335E-03  5.341E-03
   13     1.000  1.060E-03  4.380E-02 -1.638E-03  6.154E-02 -5.335E-03  5.341E-03
   14     1.000  8.162E-04  4.241E-02 -1.500E-03  4.871E-02 -5.335E-03  5.341E-03
   15     1.000  6.407E-04  4.030E-02 -1.349E-03  3.613E-02 -5.335E-03  5.341E-03
   16     1.000  5.157E-04  3.771E-02 -1.202E-03  2.444E-02 -5.335E-03  5.341E-03
   17     1.000  4.282E-04  3.481E-02 -1.069E-03  1.402E-02 -5.335E-03  5.341E-03
   18     1.000  3.691E-04  3.178E-02 -9.553E-04  5.068E-03 -5.335E-03  5.341E-03
   19     1.000  3.321E-04  2.872E-02 -8.593E-04 -2.344E-03 -5.335E-03  5.341E-03
   20     1.000  3.136E-04  2.574E-02 -7.790E-04 -8.241E-03 -5.335E-03  5.341E-03
   21     1.000  1.312E-04  2.051E-02 -4.359E-04 -1.119E-02 -6.882E-04  3.490E-03
   22     1.000  9.615E-05  1.825E-02 -3.533E-04 -1.427E-02 -6.882E-04  3.490E-03
   23     1.000  7.084E-05  1.610E-02 -2.860E-04 -1.639E-02 -6.882E-04  3.490E-03
   24     1.000  5.258E-05  1.411E-02 -2.318E-04 -1.768E-02 -6.882E-04  3.490E-03
   25     1.000  3.943E-05  1.230E-02 -1.889E-04 -1.827E-02 -6.882E-04  3.490E-03
   26     1.000  2.997E-05  1.065E-02 -1.552E-04 -1.831E-02 -6.882E-04  3.490E-03
   27     1.000  2.319E-05  9.183E-03 -1.292E-04 -1.790E-02 -6.882E-04  3.490E-03
   28     1.000  1.837E-05  7.878E-03 -1.093E-04 -1.717E-02 -6.882E-04  3.490E-03
   29     1.000  1.497E-05  6.729E-03 -9.460E-05 -1.621E-02 -6.882E-04  3.490E-03
   30     1.000  1.265E-05  5.724E-03 -8.409E-05 -1.509E-02 -6.882E-04  3.490E-03
   31     1.000  1.114E-05  4.849E-03 -7.715E-05 -1.388E-02 -6.882E-04  3.490E-03
   32     1.000  1.029E-05  4.091E-03 -7.333E-05 -1.263E-02 -6.882E-04  3.490E-03
   33     1.000  1.002E-05  3.437E-03 -7.241E-05 -1.138E-02 -6.882E-04  3.490E-03
   34     1.000  1.028E-05  2.874E-03 -7.435E-05 -1.016E-02 -6.882E-04  3.490E-03
   35     1.000  1.110E-05  2.391E-03 -7.929E-05 -8.982E-03 -6.882E-04  3.490E-03
   36     1.000  1.258E-05  1.978E-03 -8.761E-05 -7.870E-03 -6.882E-04  3.490E-03
   37     1.000  1.488E-05  1.625E-03 -9.988E-05 -6.835E-03 -6.882E-04  3.490E-03
   38     1.000  1.823E-05  1.325E-03 -1.170E-04 -5.887E-03 -6.882E-04  3.490E-03
   39     1.000  2.300E-05  1.074E-03 -1.400E-04 -5.037E-03 -6.882E-04  3.490E-03
   40     1.000  2.970E-05  8.692E-04 -1.704E-04 -4.300E-03 -6.882E-04  3.490E-03
   41     1.000  2.168E-06  4.341E-04 -1.494E-05 -2.245E-03  0.000E+00  0.000E+00
   42     1.000  1.539E-06  3.548E-04 -1.110E-05 -1.928E-03  0.000E+00  0.000E+00
   43     1.000  1.092E-06  2.888E-04 -8.229E-06 -1.645E-03  0.000E+00  0.000E+00
   44     1.000  7.748E-07  2.341E-04 -6.090E-06 -1.396E-03  0.000E+00  0.000E+00
   45     1.000  5.499E-07  1.891E-04 -4.499E-06 -1.178E-03  0.000E+00  0.000E+00
   46     1.000  3.902E-07  1.523E-04 -3.319E-06 -9.892E-04  0.000E+00  0.000E+00
   47     1.000  2.769E-07  1.223E-04 -2.444E-06 -8.271E-04  0.000E+00  0.000E+00
   48     1.000  1.965E-07  9.793E-05 -1.798E-06 -6.887E-04  0.000E+00  0.000E+00
   49     1.000  1.394E-07  7.823E-05 -1.321E-06 -5.713E-04  0.000E+00  0.000E+00
   50     1.000  9.895E-08  6.236E-05 -9.694E-07 -4.722E-04  0.000E+00  0.000E+00
   51     1.000  7.022E-08  4.959E-05 -7.106E-07 -3.890E-04  0.000E+00  0.000E+00
   52     1.000  4.983E-08  3.937E-05 -5.203E-07 -3.195E-04  0.000E+00  0.000E+00
   53     1.000  3.536E-08  3.119E-05 -3.807E-07 -2.616E-04  0.000E+00  0.000E+00
   54     1.000  2.510E-08  2.467E-05 -2.782E-07 -2.137E-04  0.000E+00  0.000E+00
   55     1.000  1.781E-08  1.949E-05 -2.032E-07 -1.740E-04  0.000E+00  0.000E+00
   56     1.000  1.264E-08  1.537E-05 -1.483E-07 -1.414E-04  0.000E+00  0.000E+00
   57     1.000  8.969E-09  1.210E-05 -1.081E-07 -1.147E-04  0.000E+00  0.000E+00
   58     1.000  6.365E-09  9.519E-06 -7.877E-08 -9.279E-05  0.000E+00  0.000E+00
   59     1.000  4.517E-09  7.478E-06 -5.736E-08 -7.493E-05  0.000E+00  0.000E+00
   60     1.000  1.104E-08  2.685E-05 -1.524E-07 -3.022E-04  0.000E+00  0.000E+00
___________________________________________________________________________________________
Anelastic Rayleigh wave: Period=    10.000 Mode =    0 C=     3.334 U=     3.107 GAMMA=  2.616E-04
LAYER    THICK     dc/da      dc/db      dU/da      dU/db      dc/dh      dU/dh     dc/dQai    dc/dQbi    dU/dQai    dU/dQbi    dg/dQai    dg/dQbi
    1     1.000  2.237E-02  2.725E-02  4.219E-02  4.469E-02 -4.678E-02 -6.223E-02 -8.207E-02 -5.788E-02 -5.077E-02 -3.581E-02  3.152E-03  2.223E-03
    2     1.000  2.076E-02  1.694E-02  3.207E-02  1.692E-02 -1.478E-02 -1.451E-02 -9.292E-02 -4.382E-02 -5.749E-02 -2.711E-02  3.569E-03  1.683E-03
    3     1.000  1.552E-02  1.002E-02  1.908E-02  1.664E-02 -1.478E-02 -1.451E-02 -6.945E-02 -2.592E-02 -4.297E-02 -1.604E-02  2.667E-03  9.956E-04
    4     1.000  1.169E-02  1.229E-02  1.076E-02  3.876E-02 -1.478E-02 -1.451E-02 -5.234E-02 -3.180E-02 -3.238E-02 -1.967E-02  2.010E-03  1.221E-03
    5     1.000  8.911E-03  1.888E-02  5.532E-03  6.570E-02 -1.478E-02 -1.451E-02 -3.989E-02 -4.885E-02 -2.468E-02 -3.022E-02  1.532E-03  1.876E-03
    6     1.000  6.889E-03  2.683E-02  2.341E-03  8.864E-02 -1.478E-02 -1.451E-02 -3.084E-02 -6.940E-02 -1.908E-02 -4.294E-02  1.184E-03  2.665E-03
    7     1.000  5.426E-03  3.441E-02  4.750E-04  1.040E-01 -1.478E-02 -1.451E-02 -2.429E-02 -8.902E-02 -1.503E-02 -5.508E-02  9.329E-04  3.419E-03
    8     1.000  4.377E-03  4.075E-02 -5.360E-04  1.111E-01 -1.478E-02 -1.451E-02 -1.959E-02 -1.054E-01 -1.212E-02 -6.522E-02  7.524E-04  4.049E-03
    9     1.000  3.635E-03  4.547E-02 -9.960E-04  1.109E-01 -1.478E-02 -1.451E-02 -1.627E-02 -1.176E-01 -1.007E-02 -7.277E-02  6.249E-04  4.518E-03
   10     1.000  3.127E-03  4.854E-02 -1.094E-03  1.050E-01 -1.478E-02 -1.451E-02 -1.400E-02 -1.256E-01 -8.661E-03 -7.769E-02  5.376E-04  4.823E-03
   11     1.000  1.863E-03  4.331E-02 -1.712E-03  8.401E-02 -5.335E-03  5.341E-03 -8.750E-03 -1.177E-01 -5.414E-03 -7.284E-02  3.361E-04  4.522E-03
   12     1.000  1.397E-03  4.412E-02 -1.730E-03  7.369E-02 -5.335E-03  5.341E-03 -6.559E-03 -1.199E-01 -4.058E-03 -7.421E-02  2.519E-04  4.607E-03
   13     1.000  1.059E-03  4.370E-02 -1.642E-03  6.150E-02 -5.335E-03  5.341E-03 -4.973E-03 -1.188E-01 -3.077E-03 -7.350E-02  1.910E-04  4.562E-03
   14     1.000  8.153E-04  4.231E-02 -1.504E-03  4.865E-02 -5.335E-03  5.341E-03 -3.828E-03 -1.150E-01 -2.369E-03 -7.116E-02  1.470E-04  4.417E-03
   15     1.000  6.400E-04  4.020E-02 -1.352E-03  3.607E-02 -5.335E-03  5.341E-03 -3.006E-03 -1.093E-01 -1.859E-03 -6.762E-02  1.154E-04  4.198E-03
   16     1.000  5.152E-04  3.761E-02 -1.205E-03  2.437E-02 -5.335E-03  5.341E-03 -2.419E-03 -1.023E-01 -1.497E-03 -6.327E-02  9.292E-05  3.927E-03
   17     1.000  4.277E-04  3.473E-02 -1.072E-03  1.394E-02 -5.335E-03  5.341E-03 -2.009E-03 -9.441E-02 -1.243E-03 -5.841E-02  7.715E-05  3.626E-03
   18     1.000  3.687E-04  3.170E-02 -9.573E-04  4.986E-03 -5.335E-03  5.341E-03 -1.731E-03 -8.617E-02 -1.071E-03 -5.331E-02  6.649E-05  3.310E-03
   19     1.000  3.318E-04  2.865E-02 -8.611E-04 -2.428E-03 -5.335E-03  5.341E-03 -1.558E-03 -7.788E-02 -9.639E-04 -4.819E-02  5.984E-05  2.991E-03
   20     1.000  3.133E-04  2.568E-02 -7.807E-04 -8.325E-03 -5.335E-03  5.341E-03 -1.471E-03 -6.980E-02 -9.102E-04 -4.319E-02  5.650E-05  2.681E-03
   21     1.000  1.312E-04  2.051E-02 -4.367E-04 -1.123E-02 -6.882E-04  3.490E-03 -6.445E-04 -5.819E-02 -3.987E-04 -3.600E-02  2.475E-05  2.235E-03
   22     1.000  9.615E-05  1.825E-02 -3.539E-04 -1.431E-02 -6.882E-04  3.490E-03 -4.722E-04 -5.175E-02 -2.921E-04 -3.202E-02  1.813E-05  1.988E-03
   23     1.000  7.084E-05  1.610E-02 -2.865E-04 -1.643E-02 -6.882E-04  3.490E-03 -3.479E-04 -4.568E-02 -2.152E-04 -2.826E-02  1.336E-05  1.754E-03
   24     1.000  5.258E-05  1.411E-02 -2.322E-04 -1.772E-02 -6.882E-04  3.490E-03 -2.582E-04 -4.004E-02 -1.598E-04 -2.477E-02  9.917E-06  1.538E-03
   25     1.000  3.943E-05  1.230E-02 -1.892E-04 -1.831E-02 -6.882E-04  3.490E-03 -1.936E-04 -3.488E-02 -1.198E-04 -2.158E-02  7.437E-06  1.340E-03
   26     1.000  2.997E-05  1.065E-02 -1.555E-04 -1.835E-02 -6.882E-04  3.490E-03 -1.472E-04 -3.022E-02 -9.107E-05 -1.869E-02  5.653E-06  1.161E-03
   27     1.000  2.319E-05  9.183E-03 -1.294E-04 -1.794E-02 -6.882E-04  3.490E-03 -1.139E-04 -2.605E-02 -7.047E-05 -1.611E-02  4.375E-06  1.000E-03
   28     1.000  1.837E-05  7.878E-03 -1.095E-04 -1.721E-02 -6.882E-04  3.490E-03 -9.019E-05 -2.235E-02 -5.580E-05 -1.383E-02  3.464E-06  8.582E-04
   29     1.000  1.497E-05  6.729E-03 -9.475E-05 -1.624E-02 -6.882E-04  3.490E-03 -7.352E-05 -1.909E-02 -4.549E-05 -1.181E-02  2.824E-06  7.331E-04
   30     1.000  1.265E-05  5.724E-03 -8.422E-05 -1.512E-02 -6.882E-04  3.490E-03 -6.210E-05 -1.624E-02 -3.842E-05 -1.004E-02  2.385E-06  6.236E-04
   31     1.000  1.114E-05  4.849E-03 -7.726E-05 -1.391E-02 -6.882E-04  3.490E-03 -5.471E-05 -1.375E-02 -3.385E-05 -8.509E-03  2.101E-06  5.282E-04
   32     1.000  1.029E-05  4.091E-03 -7.344E-05 -1.266E-02 -6.882E-04  3.490E-03 -5.055E-05 -1.160E-02 -3.128E-05 -7.179E-03  1.942E-06  4.457E-04
   33     1.000  1.002E-05  3.437E-03 -7.252E-05 -1.140E-02 -6.882E-04  3.490E-03 -4.919E-05 -9.748E-03 -3.043E-05 -6.031E-03  1.889E-06  3.744E-04
   34     1.000  1.028E-05  2.874E-03 -7.446E-05 -1.018E-02 -6.882E-04  3.490E-03 -5.046E-05 -8.152E-03 -3.122E-05 -5.043E-03  1.938E-06  3.131E-04
   35     1.000  1.110E-05  2.391E-03 -7.942E-05 -8.997E-03 -6.882E-04  3.490E-03 -5.452E-05 -6.782E-03 -3.373E-05 -4.196E-03  2.094E-06  2.605E-04
   36     1.000  1.258E-05  1.978E-03 -8.775E-05 -7.884E-03 -6.882E-04  3.490E-03 -6.178E-05 -5.610E-03 -3.823E-05 -3.471E-03  2.373E-06  2.154E-04
   37     1.000  1.488E-05  1.625E-03 -1.000E-04 -6.846E-03 -6.882E-04  3.490E-03 -7.305E-05 -4.609E-03 -4.519E-05 -2.852E-03  2.805E-06  1.770E-04
   38     1.000  1.823E-05  1.325E-03 -1.171E-04 -5.897E-03 -6.882E-04  3.490E-03 -8.951E-05 -3.759E-03 -5.538E-05 -2.326E-03  3.438E-06  1.444E-04
   39     1.000  2.300E-05  1.074E-03 -1.402E-04 -5.045E-03 -6.882E-04  3.490E-03 -1.129E-04 -3.047E-03 -6.987E-05 -1.885E-03  4.338E-06  1.170E-04
   40     1.000  2.970E-05  8.692E-04 -1.707E-04 -4.307E-03 -6.882E-04  3.490E-03 -1.458E-04 -2.466E-03 -9.023E-05 -1.525E-03  5.601E-06  9.469E-05
   41     1.000  2.165E-06  4.328E-04 -1.496E-05 -2.250E-03  0.000E+00  0.000E+00 -1.295E-05 -1.496E-03 -8.013E-06 -9.253E-04  4.975E-07  5.744E-05
   42     1.000  1.537E-06  3.537E-04 -1.112E-05 -1.931E-03  0.000E+00  0.000E+00 -9.191E-06 -1.222E-03 -5.687E-06 -7.562E-04  3.530E-07  4.694E-05
   43     1.000  1.090E-06  2.878E-04 -8.242E-06 -1.648E-03  0.000E+00  0.000E+00 -6.522E-06 -9.947E-04 -4.035E-06 -6.154E-04  2.505E-07  3.820E-05
   44     1.000  7.737E-07  2.334E-04 -6.100E-06 -1.398E-03  0.000E+00  0.000E+00 -4.628E-06 -8.064E-04 -2.864E-06 -4.989E-04  1.778E-07  3.097E-05
   45     1.000  5.491E-07  1.885E-04 -4.506E-06 -1.180E-03  0.000E+00  0.000E+00 -3.285E-06 -6.515E-04 -2.032E-06 -4.031E-04  1.261E-07  2.502E-05
   46     1.000  3.896E-07  1.518E-04 -3.324E-06 -9.911E-04  0.000E+00  0.000E+00 -2.331E-06 -5.246E-04 -1.442E-06 -3.246E-04  8.952E-08  2.015E-05
   47     1.000  2.765E-07  1.219E-04 -2.448E-06 -8.287E-04  0.000E+00  0.000E+00 -1.654E-06 -4.213E-04 -1.023E-06 -2.606E-04  6.353E-08  1.618E-05
   48     1.000  1.962E-07  9.762E-05 -1.801E-06 -6.900E-04  0.000E+00  0.000E+00 -1.174E-06 -3.374E-04 -7.262E-07 -2.087E-04  4.508E-08  1.296E-05
   49     1.000  1.392E-07  7.799E-05 -1.323E-06 -5.724E-04  0.000E+00  0.000E+00 -8.329E-07 -2.695E-04 -5.153E-07 -1.667E-04  3.199E-08  1.035E-05
   50     1.000  9.881E-08  6.216E-05 -9.709E-07 -4.731E-04  0.000E+00  0.000E+00 -5.911E-07 -2.148E-04 -3.657E-07 -1.329E-04  2.270E-08  8.250E-06
   51     1.000  7.012E-08  4.944E-05 -7.117E-07 -3.897E-04  0.000E+00  0.000E+00 -4.195E-07 -1.708E-04 -2.595E-07 -1.057E-04  1.611E-08  6.562E-06
   52     1.000  4.976E-08  3.924E-05 -5.212E-07 -3.200E-04  0.000E+00  0.000E+00 -2.977E-07 -1.356E-04 -1.842E-07 -8.390E-05  1.143E-08  5.209E-06
   53     1.000  3.531E-08  3.110E-05 -3.813E-07 -2.621E-04  0.000E+00  0.000E+00 -2.112E-07 -1.075E-04 -1.307E-07 -6.648E-05  8.113E-09  4.127E-06
   54     1.000  2.506E-08  2.460E-05 -2.787E-07 -2.140E-04  0.000E+00  0.000E+00 -1.499E-07 -8.500E-05 -9.275E-08 -5.259E-05  5.758E-09  3.265E-06
   55     1.000  1.778E-08  1.943E-05 -2.035E-07 -1.743E-04  0.000E+00  0.000E+00 -1.064E-07 -6.713E-05 -6.582E-08 -4.153E-05  4.086E-09  2.578E-06
   56     1.000  1.262E-08  1.532E-05 -1.485E-07 -1.417E-04  0.000E+00  0.000E+00 -7.550E-08 -5.294E-05 -4.671E-08 -3.275E-05  2.900E-09  2.033E-06
   57     1.000  8.957E-09  1.206E-05 -1.083E-07 -1.149E-04  0.000E+00  0.000E+00 -5.358E-08 -4.169E-05 -3.315E-08 -2.579E-05  2.058E-09  1.601E-06
   58     1.000  6.356E-09  9.489E-06 -7.889E-08 -9.295E-05  0.000E+00  0.000E+00 -3.802E-08 -3.279E-05 -2.352E-08 -2.029E-05  1.460E-09  1.259E-06
   59     1.000  4.511E-09  7.454E-06 -5.744E-08 -7.505E-05  0.000E+00  0.000E+00 -2.698E-08 -2.576E-05 -1.669E-08 -1.594E-05  1.036E-09  9.893E-07
   60     1.000  1.103E-08  2.677E-05 -1.527E-07 -3.027E-04  0.000E+00  0.000E+00 -6.596E-08 -9.250E-05 -4.081E-08 -5.723E-05  2.533E-09  3.553E-06
___________________________________________________________________________________________
