      Mode        Period       Observed      Predicted Observed Sigma
 L G    0     11.0450001 0.50380500E-03 0.49918977E-03 0.99999999E-08
 L G    0     15.0080004 0.34741199E-03 0.34429305E-03 0.99999999E-08
 L G    0     20.0109997 0.23616200E-03 0.23471224E-03 0.99999999E-08
 L G    0     24.9810009 0.17021500E-03 0.16981571E-03 0.99999999E-08
 L G    0     29.9850006 0.12943400E-03 0.12958360E-03 0.99999999E-08
 L G    0     40.0200005 0.91336398E-04 0.91452290E-04 0.99999999E-08
 L G    0     49.9080009 0.77987599E-04 0.77662087E-04 0.99999999E-08
 L G    0     59.8199997 0.70550101E-04 0.70070717E-04 0.99999999E-08
 L G    0     70.1819992 0.64262298E-04 0.63808300E-04 0.99999999E-08
 L G    0     80.1510010 0.58891801E-04 0.58498907E-04 0.99999999E-08
 L G    0     90.0090027 0.54154800E-04 0.53811957E-04 0.99999999E-08
 L G    0     99.4720001 0.50114399E-04 0.49804450E-04 0.99999999E-08
 L G    0    124.4749985 0.41478499E-04 0.41206349E-04 0.99999999E-08
 L G    0    150.4799957 0.34853601E-04 0.34587018E-04 0.99999999E-08
 L G    0    175.9989929 0.29921401E-04 0.29650178E-04 0.99999999E-08
 L G    0    198.4750061 0.26461499E-04 0.26184132E-04 0.99999999E-08
 L G    0    252.3159943 0.20316100E-04 0.20026033E-04 0.99999999E-08
 L G    0    301.7149963 0.16314900E-04 0.16022823E-04 0.99999999E-08
 L G    0    347.5029907 0.13465000E-04 0.13182440E-04 0.99999999E-08
 L G    0    392.8059998 0.11217500E-04 0.10954615E-04 0.99999999E-08
 L G    0    506.1719971 0.73118799E-05 0.71206700E-05 0.99999999E-08
 L G    1      9.9980001 0.29536299E-03 0.30096975E-03 0.99999999E-08
 L G    1     14.9919996 0.35592201E-03 0.32093367E-03 0.99999999E-08
 L G    1     20.0189991 0.32371399E-03 0.30861612E-03 0.99999999E-08
 L G    1     24.9780006 0.27512101E-03 0.26761557E-03 0.99999999E-08
 L G    1     30.0450001 0.23029700E-03 0.22495701E-03 0.99999999E-08
 L G    1     40.0699997 0.16107800E-03 0.15760431E-03 0.99999999E-08
 L G    1     50.0950012 0.11700900E-03 0.11500045E-03 0.99999999E-08
 L G    1     59.8339996 0.91066402E-04 0.89713998E-04 0.99999999E-08
 L G    1     69.8199997 0.74020398E-04 0.72925039E-04 0.99999999E-08
 L G    1     80.2539978 0.61751700E-04 0.60767677E-04 0.99999999E-08
 L G    1     89.8280029 0.53363801E-04 0.52426851E-04 0.99999999E-08
 L G    1     99.8629990 0.46393401E-04 0.45472763E-04 0.99999999E-08
 L G    1    125.6039963 0.33160199E-04 0.32223590E-04 0.99999999E-08
 L G    1    150.1470032 0.23960300E-04 0.23102557E-04 0.99999999E-08
 L G    1    176.6360016 0.16912500E-04 0.16286720E-04 0.99999999E-08
 L G    1    200.0169983 0.12882400E-04 0.12461673E-04 0.99999999E-08
 L G    1    249.3150024 0.84691501E-05 0.82842917E-05 0.99999999E-08
 L G    1    306.8250122 0.61821502E-05 0.60759844E-05 0.99999999E-08
 L G    1    358.8890076 0.48993302E-05 0.48087300E-05 0.99999999E-08
 L G    1    407.3139954 0.39829802E-05 0.39047977E-05 0.99999999E-08
 L G    1    518.7719727 0.28106799E-05 0.27687986E-05 0.99999999E-08
 L G    2     10.0019999 0.67901902E-03 0.62517897E-03 0.99999999E-08
 L G    2     15.0019999 0.38835400E-03 0.40625321E-03 0.99999999E-08
 L G    2     20.0160007 0.25926001E-03 0.25908891E-03 0.99999999E-08
 L G    2     24.9780006 0.20602399E-03 0.20306870E-03 0.99999999E-08
 L G    2     30.0249996 0.17622000E-03 0.17422906E-03 0.99999999E-08
 L G    2     40.0359993 0.13550400E-03 0.13402998E-03 0.99999999E-08
 L G    2     49.8979988 0.10217400E-03 0.10052748E-03 0.99999999E-08
 L G    2     59.9420013 0.78592202E-04 0.77222197E-04 0.99999999E-08
 L G    2     69.9069977 0.63327498E-04 0.61937906E-04 0.99999999E-08
 L G    2     80.1259995 0.50294500E-04 0.48590795E-04 0.99999999E-08
 L G    2     90.3580017 0.37532202E-04 0.35794750E-04 0.99999999E-08
 L G    2     99.3730011 0.28136301E-04 0.26850770E-04 0.99999999E-08
 L G    2    125.4089966 0.15881500E-04 0.15584983E-04 0.99999999E-08
 L G    2    151.0579987 0.12156400E-04 0.11998837E-04 0.99999999E-08
 L G    2    175.8339996 0.98840001E-05 0.97408838E-05 0.99999999E-08
 L G    2    198.2389984 0.82843699E-05 0.81707440E-05 0.99999999E-08
 L G    2    248.8970032 0.58831902E-05 0.58285750E-05 0.99999999E-08
 L G    2    305.5220032 0.48769998E-05 0.48747634E-05 0.99999999E-08
 L G    3      9.9949999 0.60205802E-03 0.61639951E-03 0.99999999E-08
 L G    3     14.9940004 0.36519900E-03 0.36294112E-03 0.99999999E-08
 L G    3     19.9869995 0.26716400E-03 0.26837000E-03 0.99999999E-08
 L G    3     24.9860001 0.21009200E-03 0.20869820E-03 0.99999999E-08
 L G    3     29.9619999 0.17042200E-03 0.16799971E-03 0.99999999E-08
 L G    3     39.9339981 0.11689700E-03 0.11524368E-03 0.99999999E-08
 L G    3     50.1240005 0.89025001E-04 0.87108616E-04 0.99999999E-08
 L G    3     60.0509987 0.58449201E-04 0.55556888E-04 0.99999999E-08
 L G    3     70.1809998 0.34112101E-04 0.33028999E-04 0.99999999E-08
 L G    3     80.4349976 0.25890500E-04 0.25768626E-04 0.99999999E-08
 L G    3     89.7789993 0.23062001E-04 0.22921586E-04 0.99999999E-08
 L G    3    100.3099976 0.19671201E-04 0.19322986E-04 0.99999999E-08
 L G    3    125.7429962 0.13323900E-04 0.13180393E-04 0.99999999E-08
 L G    3    150.6759949 0.10754100E-04 0.10640313E-04 0.99999999E-08
 L G    3    172.9649963 0.88332099E-05 0.86899900E-05 0.99999999E-08
 L G    3    198.0780029 0.71331201E-05 0.70545511E-05 0.99999999E-08
 R G    0     12.2180004 0.47350599E-03 0.44104905E-03 0.99999999E-08
 R G    0     15.0080004 0.33626400E-03 0.32270589E-03 0.99999999E-08
 R G    0     20.0070000 0.19336899E-03 0.19294559E-03 0.99999999E-08
 R G    0     24.9860001 0.12745400E-03 0.12866111E-03 0.99999999E-08
 R G    0     30.0160007 0.99381403E-04 0.10024400E-03 0.99999999E-08
 R G    0     39.9729996 0.84421001E-04 0.84569190E-04 0.99999999E-08
 R G    0     50.0530014 0.82208797E-04 0.82120394E-04 0.99999999E-08
 R G    0     60.1040001 0.80079000E-04 0.79941768E-04 0.99999999E-08
 R G    0     69.8020020 0.76559903E-04 0.76339806E-04 0.99999999E-08
 R G    0     80.0469971 0.71777002E-04 0.71415336E-04 0.99999999E-08
 R G    0     89.7340012 0.66840999E-04 0.66341316E-04 0.99999999E-08
 R G    0    100.0719986 0.61575200E-04 0.60959079E-04 0.99999999E-08
 R G    0    124.9980011 0.50145900E-04 0.49419701E-04 0.99999999E-08
 R G    0    149.3300018 0.41213701E-04 0.40529179E-04 0.99999999E-08
 R G    0    175.6860046 0.33643300E-04 0.33046017E-04 0.99999999E-08
 R G    0    201.0789948 0.27832601E-04 0.27303453E-04 0.99999999E-08
 R G    0    250.3639984 0.19099300E-04 0.18648172E-04 0.99999999E-08
 R G    0    297.7600098 0.12870300E-04 0.12507267E-04 0.99999999E-08
 R G    0    347.7680054 0.84793000E-05 0.82199103E-05 0.99999999E-08
 R G    0    407.5010071 0.55948299E-05 0.54054808E-05 0.99999999E-08
 R G    0    503.4719849 0.35392100E-05 0.33805436E-05 0.99999999E-08
 R G    1      9.9989996 0.29008000E-03 0.30653420E-03 0.99999999E-08
 R G    1     14.9989996 0.26868700E-03 0.25324625E-03 0.99999999E-08
 R G    1     19.9979992 0.30355999E-03 0.29256343E-03 0.99999999E-08
 R G    1     24.9880009 0.26111200E-03 0.25588382E-03 0.99999999E-08
 R G    1     30.0000000 0.21434401E-03 0.21036692E-03 0.99999999E-08
 R G    1     39.9399986 0.15095000E-03 0.14830218E-03 0.99999999E-08
 R G    1     49.8880005 0.11680800E-03 0.11474772E-03 0.99999999E-08
 R G    1     59.9319992 0.95191797E-04 0.93349940E-04 0.99999999E-08
 R G    1     70.0220032 0.78927900E-04 0.77193916E-04 0.99999999E-08
 R G    1     79.9660034 0.66376102E-04 0.64746695E-04 0.99999999E-08
 R G    1     89.6589966 0.56703000E-04 0.55155644E-04 0.99999999E-08
 R G    1     99.8880005 0.48372800E-04 0.46894711E-04 0.99999999E-08
 R G    1    124.8600006 0.33071101E-04 0.31925571E-04 0.99999999E-08
 R G    1    151.0460052 0.23423499E-04 0.22774697E-04 0.99999999E-08
 R G    1    176.1860046 0.18573801E-04 0.18231953E-04 0.99999999E-08
 R G    1    201.1000061 0.15854101E-04 0.15684711E-04 0.99999999E-08
 R G    1    252.7120056 0.12384300E-04 0.12318360E-04 0.99999999E-08
 R G    1    298.5620117 0.85465699E-05 0.32878422E-05 0.99999999E-08
 R G    1    362.2250061 0.24864601E-05 0.21574419E-05 0.99999999E-08
 R G    1    392.2000122 0.22084600E-05 0.19884503E-05 0.99999999E-08
 R G    1    510.0669861 0.18804000E-05 0.17601512E-05 0.99999999E-08
 R G    2      9.9960003 0.66269800E-03 0.61742164E-03 0.99999999E-08
 R G    2     15.0019999 0.44262499E-03 0.44752631E-03 0.99999999E-08
 R G    2     19.9979992 0.27674399E-03 0.27615571E-03 0.99999999E-08
 R G    2     24.9810009 0.21847300E-03 0.21576177E-03 0.99999999E-08
 R G    2     29.9589996 0.17997500E-03 0.17756813E-03 0.99999999E-08
 R G    2     39.9819984 0.12197700E-03 0.11985113E-03 0.99999999E-08
 R G    2     50.0810013 0.89107401E-04 0.87860433E-04 0.99999999E-08
 R G    2     60.0349998 0.74191797E-04 0.73163654E-04 0.99999999E-08
 R G    2     70.0550003 0.61731800E-04 0.60415121E-04 0.99999999E-08
 R G    2     79.9400024 0.47479902E-04 0.46209683E-04 0.99999999E-08
 R G    2     90.0660019 0.35985999E-04 0.35264591E-04 0.99999999E-08
 R G    2     99.9909973 0.29182800E-04 0.28886076E-04 0.99999999E-08
 R G    2    126.0690002 0.20451200E-04 0.20545996E-04 0.99999999E-08
 R G    2    149.5700073 0.16116301E-04 0.16252952E-04 0.99999999E-08
 R G    2    174.6360016 0.12859200E-04 0.47134636E-05 0.99999999E-08
 R G    2    202.1150055 0.42362699E-05 0.38671569E-05 0.99999999E-08
 R G    2    245.2400055 0.34288100E-05 0.31975887E-05 0.99999999E-08
 R G    2    291.2739868 0.36068400E-05 0.89489240E-05 0.99999999E-08
 R G    2    344.1300049 0.74900299E-05 0.78943431E-05 0.99999999E-08
 R G    2    388.0409851 0.62099298E-05 0.62820154E-05 0.99999999E-08
 R G    2    487.5700073 0.40220498E-05 0.38512694E-05 0.99999999E-08
 R G    3     10.0039997 0.61392097E-03 0.62425178E-03 0.99999999E-08
 R G    3     14.9899998 0.37687799E-03 0.37249882E-03 0.99999999E-08
 R G    3     20.0119991 0.26667200E-03 0.26559373E-03 0.99999999E-08
 R G    3     24.9909992 0.21453500E-03 0.21244388E-03 0.99999999E-08
 R G    3     29.9580002 0.16888299E-03 0.16655249E-03 0.99999999E-08
 R G    3     40.0110016 0.11469300E-03 0.11313245E-03 0.99999999E-08
 R G    3     49.9389992 0.78428500E-04 0.75834942E-04 0.99999999E-08
 R G    3     60.1459999 0.45183500E-04 0.43996108E-04 0.99999999E-08
 R G    3     70.0830002 0.33138200E-04 0.33015294E-04 0.99999999E-08
 R G    3     79.8690033 0.27956799E-04 0.28060669E-04 0.99999999E-08
 R G    3     89.4189987 0.24213699E-04 0.24184124E-04 0.99999999E-08
 R G    3    100.1940002 0.20445301E-04 0.20190699E-04 0.99999999E-08
 R G    3    125.0979996 0.72861299E-05 0.66527045E-05 0.99999999E-08
 R G    3    149.5140076 0.59299400E-05 0.54215966E-05 0.99999999E-08
 R G    3    171.8529968 0.50782901E-05 0.11929374E-04 0.99999999E-08
 R G    3    196.8450012 0.10777400E-04 0.10935484E-04 0.99999999E-08
 R G    3    252.8930054 0.76687302E-05 0.77431359E-05 0.99999999E-08
 R G    3    298.1879883 0.66009802E-05 0.65204272E-05 0.99999999E-08
 R G    3    355.0979919 0.55939900E-05 0.48908723E-05 0.99999999E-08
