  AK135
 0  1. 1
 227 25 71
     0.0 13012.20 11262.20  3667.80   601.30    85.00 11262.20  3667.80   1.00
 50710.0 13011.70 11261.80  3667.50   601.30    85.00 11261.80  3667.50   1.00
101430.0 13010.00 11260.60  3666.70   601.50    85.00 11260.60  3666.70   1.00
152140.0 13007.40 11258.60  3665.30   601.70    85.00 11258.60  3665.30   1.00
202850.0 13003.60 11255.70  3663.30   602.00    85.00 11255.70  3663.30   1.00
253560.0 12998.80 11252.10  3660.80   602.50    85.00 11252.10  3660.80   1.00
304280.0 12992.90 11247.70  3657.70   603.00    85.00 11247.70  3657.70   1.00
354990.0 12985.90 11242.40  3654.00   603.70    85.00 11242.40  3654.00   1.00
405700.0 12977.90 11236.40  3649.80   604.40    85.00 11236.40  3649.80   1.00
456410.0 12968.80 11229.50  3645.00   605.30    85.00 11229.50  3645.00   1.00
507130.0 12958.60 11221.90  3639.60   606.30    85.00 11221.90  3639.60   1.00
557840.0 12947.40 11213.40  3633.70   607.30    85.00 11213.40  3633.70   1.00
608550.0 12935.10 11204.10  3627.20   608.50    85.00 11204.10  3627.20   1.00
659260.0 12921.70 11194.10  3620.20   609.70    85.00 11194.10  3620.20   1.00
709980.0 12907.20 11183.20  3612.60   611.10    85.00 11183.20  3612.60   1.00
760690.0 12891.70 11171.50  3604.40   612.60    85.00 11171.50  3604.40   1.00
811400.0 12875.10 11159.00  3595.70   614.20    85.00 11159.00  3595.70   1.00
862110.0 12857.40 11145.70  3586.40   615.90    85.00 11145.70  3586.40   1.00
912830.0 12838.70 11131.60  3576.50   617.80    85.00 11131.60  3576.50   1.00
963540.0 12818.80 11116.60  3566.10   619.70    85.00 11116.60  3566.10   1.00
1014250.0 12798.00 11098.30  3555.10   621.50    85.00 11098.30  3555.10   1.00
1064960.0 12776.00 11085.00  3543.50   624.10    85.00 11085.00  3543.50   1.00
1115680.0 12753.00 11071.80  3531.40   626.90    85.00 11071.80  3531.40   1.00
1166390.0 12728.90 11058.50  3518.70   629.90    85.00 11058.50  3518.70   1.00
1217500.0 12703.70 11042.70  3504.30   633.30    85.00 11042.70  3504.30   1.00
1217500.0 12139.10 10289.00     0.00 57822.00     0.00 10289.00     0.00   1.00
1267430.0 12113.30 10285.40     0.00 57822.00     0.00 10285.40     0.00   1.00
1317760.0 12086.70 10274.50     0.00 57822.00     0.00 10274.50     0.00   1.00
1368090.0 12059.30 10256.50     0.00 57822.00     0.00 10256.50     0.00   1.00
1418420.0 12031.10 10232.90     0.00 57822.00     0.00 10232.90     0.00   1.00
1468760.0 12000.10 10204.90     0.00 57822.00     0.00 10204.90     0.00   1.00
1519090.0 11972.20 10173.90     0.00 57822.00     0.00 10173.90     0.00   1.00
1569420.0 11941.40 10141.50     0.00 57822.00     0.00 10141.50     0.00   1.00
1619750.0 11909.80 10109.50     0.00 57822.00     0.00 10109.50     0.00   1.00
1670080.0 11877.20 10076.80     0.00 57822.00     0.00 10076.80     0.00   1.00
1720410.0 11843.70 10043.90     0.00 57822.00     0.00 10043.90     0.00   1.00
1770740.0 11809.20 10010.30     0.00 57822.00     0.00 10010.30     0.00   1.00
1821070.0 11773.70  9976.10     0.00 57822.00     0.00  9976.10     0.00   1.00
1871400.0 11737.30  9941.00     0.00 57822.00     0.00  9941.00     0.00   1.00
1921740.0 11699.80  9905.10     0.00 57822.00     0.00  9905.10     0.00   1.00
1972070.0 11661.20  9868.20     0.00 57822.00     0.00  9868.20     0.00   1.00
2022400.0 11621.60  9830.40     0.00 57822.00     0.00  9830.40     0.00   1.00
2072730.0 11580.90  9791.40     0.00 57822.00     0.00  9791.40     0.00   1.00
2123060.0 11539.10  9751.30     0.00 57822.00     0.00  9751.30     0.00   1.00
2173390.0 11496.20  9710.00     0.00 57822.00     0.00  9710.00     0.00   1.00
2223720.0 11452.10  9667.30     0.00 57822.00     0.00  9667.30     0.00   1.00
2274050.0 11406.90  9623.20     0.00 57822.00     0.00  9623.20     0.00   1.00
2324380.0 11360.40  9577.70     0.00 57822.00     0.00  9577.70     0.00   1.00
2374720.0 11312.70  9530.60     0.00 57822.00     0.00  9530.60     0.00   1.00
2425050.0 11263.90  9481.40     0.00 57822.00     0.00  9481.40     0.00   1.00
2475380.0 11213.70  9429.70     0.00 57822.00     0.00  9429.70     0.00   1.00
2525710.0 11162.30  9376.00     0.00 57822.00     0.00  9376.00     0.00   1.00
2576040.0 11109.50  9320.50     0.00 57822.00     0.00  9320.50     0.00   1.00
2626370.0 11055.50  9263.40     0.00 57822.00     0.00  9263.40     0.00   1.00
2676700.0 11000.10  9204.20     0.00 57822.00     0.00  9204.20     0.00   1.00
2727030.0 10943.40  9142.60     0.00 57822.00     0.00  9142.60     0.00   1.00
2777360.0 10885.20  9079.20     0.00 57822.00     0.00  9079.20     0.00   1.00
2827700.0 10825.70  9013.80     0.00 57822.00     0.00  9013.80     0.00   1.00
2878030.0 10764.70  8946.10     0.00 57822.00     0.00  8946.10     0.00   1.00
2928360.0 10702.30  8876.10     0.00 57822.00     0.00  8876.10     0.00   1.00
2978690.0 10638.50  8803.60     0.00 57822.00     0.00  8803.60     0.00   1.00
3029020.0 10573.10  8728.30     0.00 57822.00     0.00  8728.30     0.00   1.00
3079350.0 10506.20  8649.60     0.00 57822.00     0.00  8649.60     0.00   1.00
3129680.0 10437.80  8569.20     0.00 57822.00     0.00  8569.20     0.00   1.00
3180010.0 10367.90  8486.10     0.00 57822.00     0.00  8486.10     0.00   1.00
3230340.0 10296.40  8400.10     0.00 57822.00     0.00  8400.10     0.00   1.00
3280680.0 10223.30  8312.20     0.00 57822.00     0.00  8312.20     0.00   1.00
3331010.0 10148.50  8221.30     0.00 57822.00     0.00  8221.30     0.00   1.00
3381340.0 10072.20  8128.30     0.00 57822.00     0.00  8128.30     0.00   1.00
3431670.0  9994.20  8038.20     0.00 57822.00     0.00  8038.20     0.00   1.00
3479500.0  9914.50  8000.00     0.00 57822.00     0.00  8000.00     0.00   1.00
3479500.0  5772.10 13660.10  7281.70   723.10   274.00 13660.10  7281.70   1.00
3531670.0  5745.80 13657.00  7270.00   725.10   274.00 13657.00  7270.00   1.00
3581330.0  5719.60 13653.30  7259.30   726.90   274.00 13653.30  7259.30   1.00
3631000.0  5693.40 13649.80  7248.50   722.70   271.70 13649.80  7248.50   1.00
3631000.0  5438.70 13649.80  7248.50   933.20   350.90 13649.80  7248.50   1.00
3681000.0  5417.60 13589.90  7225.30   940.90   354.60 13589.90  7225.30   1.00
3731000.0  5396.20 13531.10  7203.10   952.00   359.70 13531.10  7203.10   1.00
3779500.0  5374.80 13474.10  7180.40   960.40   363.60 13474.10  7180.40   1.00
3829000.0  5353.10 13415.60  7158.40   968.50   367.60 13415.60  7158.40   1.00
3878500.0  5331.30 13358.40  7136.80   976.80   371.80 13358.40  7136.80   1.00
3928000.0  5309.20 13301.70  7114.40   985.60   375.90 13301.70  7114.40   1.00
3977500.0  5287.00 13246.50  7093.20   990.80   378.80 13246.50  7093.20   1.00
4027000.0  5264.60 13189.50  7072.20   999.40   383.10 13189.50  7072.20   1.00
4076500.0  5242.00 13133.70  7050.40  1008.80   387.60 13133.70  7050.40   1.00
4126000.0  5219.20 13078.60  7028.60  1018.40   392.20 13078.60  7028.60   1.00
4175500.0  5196.30 13022.60  7006.90  1032.10   398.40 13022.60  7006.90   1.00
4225000.0  5173.20 12966.30  6985.20  1042.10   403.20 12966.30  6985.20   1.00
4274500.0  5149.90 12909.30  6962.50  1048.10   406.50 12909.30  6962.50   1.00
4324000.0  5126.40 12852.40  6941.60  1058.00   411.50 12852.40  6941.60   1.00
4373500.0  5102.70 12795.60  6919.40  1064.20   414.90 12795.60  6919.40   1.00
4423000.0  5078.90 12738.40  6897.20  1070.40   418.40 12738.40  6897.20   1.00
4472500.0  5054.80 12680.70  6874.30  1086.00   425.50 12680.70  6874.30   1.00
4522000.0  5030.60 12622.60  6851.70  1097.20   431.00 12622.60  6851.70   1.00
4571500.0  5006.20 12563.80  6828.90  1108.60   436.70 12563.80  6828.90   1.00
4621000.0  4981.70 12503.00  6805.60  1120.10   442.50 12503.00  6805.60   1.00
4670500.0  4957.00 12442.70  6782.00  1127.00   446.40 12442.70  6782.00   1.00
4720000.0  4932.10 12381.30  6757.90  1134.00   450.50 12381.30  6757.90   1.00
4769500.0  4906.90 12318.10  6732.30  1141.30   454.50 12318.10  6732.30   1.00
4819000.0  4881.70 12255.80  6707.00  1148.80   458.70 12255.80  6707.00   1.00
4868500.0  4856.20 12191.20  6681.30  1156.00   463.00 12191.20  6681.30   1.00
4918000.0  4830.70 12124.70  6655.40  1163.20   467.30 12124.70  6655.40   1.00
4967500.0  4805.00 12057.10  6628.50  1170.50   471.70 12057.10  6628.50   1.00
5017000.0  4779.00 11989.10  6600.90  1178.20   476.20 11989.10  6600.90   1.00
5066500.0  4752.80 11920.80  6572.80  1186.10   480.80 11920.80  6572.80   1.00
5116000.0  4726.60 11849.10  6543.10  1194.00   485.40 11849.10  6543.10   1.00
5165500.0  4700.10 11776.80  6513.10  1202.00   490.20 11776.80  6513.10   1.00
5215000.0  4673.50 11702.00  6482.20  1210.00   495.00 11702.00  6482.20   1.00
5264500.0  4646.70 11626.50  6451.40  1217.90   500.00 11626.50  6451.40   1.00
5314000.0  4619.80 11549.30  6418.20  1226.50   505.00 11549.30  6418.20   1.00
5363500.0  4592.60 11470.40  6386.00  1234.50   510.20 11470.40  6386.00   1.00
5373400.0  4565.40 11389.70  6351.90  1243.00   515.50 11389.70  6351.90   1.00
5383300.0  4565.40 11389.70  6351.90  1243.00   515.50 11389.70  6351.90   1.00
5393200.0  4565.40 11389.70  6351.90  1243.00   515.50 11389.70  6351.90   1.00
5403100.0  4565.40 11389.70  6351.90  1243.00   515.50 11389.70  6351.90   1.00
5413000.0  4565.40 11389.70  6351.90  1243.00   515.50 11389.70  6351.90   1.00
5422900.0  4516.20 11306.80  6316.40  1251.70   520.80 11306.80  6316.40   1.00
5432800.0  4516.20 11306.80  6316.40  1251.70   520.80 11306.80  6316.40   1.00
5442700.0  4516.20 11306.80  6316.40  1251.70   520.80 11306.80  6316.40   1.00
5452600.0  4516.20 11306.80  6316.40  1251.70   520.80 11306.80  6316.40   1.00
5462500.0  4516.20 11306.80  6316.40  1251.70   520.80 11306.80  6316.40   1.00
5472400.0  4465.00 11222.80  6279.90  1260.70   526.30 11222.80  6279.90   1.00
5482300.0  4465.00 11222.80  6279.90  1260.70   526.30 11222.80  6279.90   1.00
5492200.0  4465.00 11222.80  6279.90  1260.70   526.30 11222.80  6279.90   1.00
5502100.0  4465.00 11222.80  6279.90  1260.70   526.30 11222.80  6279.90   1.00
5512000.0  4465.00 11222.80  6279.90  1260.70   526.30 11222.80  6279.90   1.00
5521900.0  4411.80 11135.50  6242.40  1269.40   531.90 11135.50  6242.40   1.00
5531800.0  4411.80 11135.50  6242.40  1269.40   531.90 11135.50  6242.40   1.00
5541700.0  4411.80 11135.50  6242.40  1269.40   531.90 11135.50  6242.40   1.00
5551600.0  4411.80 11135.50  6242.40  1269.40   531.90 11135.50  6242.40   1.00
5561500.0  4411.80 11135.50  6242.40  1269.40   531.90 11135.50  6242.40   1.00
5571400.0  4356.50 11055.30  6210.00  1277.90   537.60 11055.30  6210.00   1.00
5581300.0  4356.50 11055.30  6210.00  1277.90   537.60 11055.30  6210.00   1.00
5591200.0  4356.50 11055.30  6210.00  1277.90   537.60 11055.30  6210.00   1.00
5601100.0  4356.50 11055.30  6210.00  1277.90   537.60 11055.30  6210.00   1.00
5611000.0  4356.50 11055.30  6210.00  1277.90   537.60 11055.30  6210.00   1.00
5621000.0  4298.60 10922.20  6089.80  1311.20   543.50 10922.20  6089.80   1.00
5631000.0  4298.60 10922.20  6089.80  1311.20   543.50 10922.20  6089.80   1.00
5641000.0  4298.60 10922.20  6089.80  1311.20   543.50 10922.20  6089.80   1.00
5651000.0  4298.60 10922.20  6089.80  1311.20   543.50 10922.20  6089.80   1.00
5661000.0  4298.60 10922.20  6089.80  1311.20   543.50 10922.20  6089.80   1.00
5671000.0  4238.70 10790.90  5960.70  1350.50   549.50 10790.90  5960.70   1.00
5681000.0  4238.70 10790.90  5960.70  1350.50   549.50 10790.90  5960.70   1.00
5691000.0  4238.70 10790.90  5960.70  1350.50   549.50 10790.90  5960.70   1.00
5701000.0  4238.70 10790.90  5960.70  1350.50   549.50 10790.90  5960.70   1.00
5711000.0  4238.70 10790.90  5960.70  1350.50   549.50 10790.90  5960.70   1.00
5711000.0  3920.10 10200.00  5610.40   428.70   172.90 10200.00  5610.40   1.00
5721000.0  3920.60 10032.00  5504.70   425.50   170.80 10032.00  5504.70   1.00
5731000.0  3920.60 10032.00  5504.70   425.50   170.80 10032.00  5504.70   1.00
5741000.0  3920.60 10032.00  5504.70   425.50   170.80 10032.00  5504.70   1.00
5751000.0  3920.60 10032.00  5504.70   425.50   170.80 10032.00  5504.70   1.00
5761000.0  3920.60 10032.00  5504.70   425.50   170.80 10032.00  5504.70   1.00
5771000.0  3921.80  9864.00  5398.90   422.50   168.80  9864.00  5398.90   1.00
5781000.0  3921.80  9864.00  5398.90   422.50   168.80  9864.00  5398.90   1.00
5791000.0  3921.80  9864.00  5398.90   422.50   168.80  9864.00  5398.90   1.00
5801000.0  3921.80  9864.00  5398.90   422.50   168.80  9864.00  5398.90   1.00
5811000.0  3921.80  9864.00  5398.90   422.50   168.80  9864.00  5398.90   1.00
5821000.0  3923.30  9696.20  5292.20   419.90   166.80  9696.20  5292.20   1.00
5831000.0  3923.30  9696.20  5292.20   419.90   166.80  9696.20  5292.20   1.00
5841000.0  3923.30  9696.20  5292.20   419.90   166.80  9696.20  5292.20   1.00
5851000.0  3923.30  9696.20  5292.20   419.90   166.80  9696.20  5292.20   1.00
5861000.0  3923.30  9696.20  5292.20   419.90   166.80  9696.20  5292.20   1.00
5871000.0  3927.30  9528.00  5186.40   417.30   164.90  9528.00  5186.40   1.00
5881000.0  3927.30  9528.00  5186.40   417.30   164.90  9528.00  5186.40   1.00
5891000.0  3927.30  9528.00  5186.40   417.30   164.90  9528.00  5186.40   1.00
5901000.0  3927.30  9528.00  5186.40   417.30   164.90  9528.00  5186.40   1.00
5911000.0  3927.30  9528.00  5186.40   417.30   164.90  9528.00  5186.40   1.00
5921000.0  3931.70  9360.10  5080.60   413.70   162.50  9360.10  5080.60   1.00
5931000.0  3931.70  9360.10  5080.60   413.70   162.50  9360.10  5080.60   1.00
5941000.0  3931.70  9360.10  5080.60   413.70   162.50  9360.10  5080.60   1.00
5951000.0  3931.70  9360.10  5080.60   413.70   162.50  9360.10  5080.60   1.00
5961000.0  3931.70  9360.10  5080.60   413.70   162.50  9360.10  5080.60   1.00
5961000.0  3506.80  9030.20  4870.20   377.90   146.60  9030.20  4870.20   1.00
5971000.0  3457.70  8847.60  4783.20   366.30   142.80  8847.60  4783.20   1.00
5981000.0  3457.70  8847.60  4783.20   366.30   142.80  8847.60  4783.20   1.00
5991000.0  3457.70  8847.60  4783.20   366.30   142.80  8847.60  4783.20   1.00
6001000.0  3457.70  8847.60  4783.20   366.30   142.80  8847.60  4783.20   1.00
6011000.0  3457.70  8847.60  4783.20   366.30   142.80  8847.60  4783.20   1.00
6021000.0  3411.00  8665.00  4696.40   355.90   139.40  8665.00  4696.40   1.00
6031000.0  3411.00  8665.00  4696.40   355.90   139.40  8665.00  4696.40   1.00
6041000.0  3411.00  8665.00  4696.40   355.90   139.40  8665.00  4696.40   1.00
6051000.0  3411.00  8665.00  4696.40   355.90   139.40  8665.00  4696.40   1.00
6061000.0  3411.00  8665.00  4696.40   355.90   139.40  8665.00  4696.40   1.00
6071000.0  3366.30  8482.20  4609.40   346.40   136.40  8482.20  4609.40   1.00
6081000.0  3366.30  8482.20  4609.40   346.40   136.40  8482.20  4609.40   1.00
6091000.0  3366.30  8482.20  4609.40   346.40   136.40  8482.20  4609.40   1.00
6101000.0  3366.30  8482.20  4609.40   346.40   136.40  8482.20  4609.40   1.00
6111000.0  3366.30  8482.20  4609.40   346.40   136.40  8482.20  4609.40   1.00
6121000.0  3324.30  8300.70  4518.40   338.50   133.70  8300.70  4518.40   1.00
6131000.0  3324.30  8300.70  4518.40   338.50   133.70  8300.70  4518.40   1.00
6141000.0  3324.30  8300.70  4518.40   338.50   133.70  8300.70  4518.40   1.00
6151000.0  3324.30  8300.70  4518.40   338.50   133.70  8300.70  4518.40   1.00
6161000.0  3324.30  8300.70  4518.40   338.50   133.70  8300.70  4518.40   1.00
6161000.0  3324.30  8300.70  4518.40   201.00    79.40  8300.70  4518.40   1.00
6170000.0  3371.10  8175.00  4509.00   188.70    76.60  8175.00  4509.00   1.00
6179000.0  3371.10  8175.00  4509.00   188.70    76.60  8175.00  4509.00   1.00
6188000.0  3371.10  8175.00  4509.00   188.70    76.60  8175.00  4509.00   1.00
6197000.0  3371.10  8175.00  4509.00   188.70    76.60  8175.00  4509.00   1.00
6206000.0  3371.10  8175.00  4509.00   188.70    76.60  8175.00  4509.00   1.00
6215000.0  3426.80  8050.50  4500.00   182.60    76.10  8050.50  4500.00   1.00
6224000.0  3426.80  8050.50  4500.00   182.60    76.10  8050.50  4500.00   1.00
6233000.0  3426.80  8050.50  4500.00   182.60    76.10  8050.50  4500.00   1.00
6242000.0  3426.80  8050.50  4500.00   182.60    76.10  8050.50  4500.00   1.00
6251000.0  3426.80  8050.50  4500.00   182.60    76.10  8050.50  4500.00   1.00
6251000.0  3371.30  8050.00  4500.00  8450.00   200.00  8050.00  4500.00   1.00
6259500.0  3345.50  8045.00  4490.00  8450.00   300.00  8045.00  4490.00   1.00
6268000.0  3345.50  8045.00  4490.00  8450.00   300.00  8045.00  4490.00   1.00
6276500.0  3345.50  8045.00  4490.00  8450.00   300.00  8045.00  4490.00   1.00
6285000.0  3345.50  8045.00  4490.00  8450.00   300.00  8045.00  4490.00   1.00
6293500.0  3345.50  8045.00  4490.00  8450.00   300.00  8045.00  4490.00   1.00
6302000.0  3319.80  8040.00  4480.00  8900.00   400.00  8040.00  4480.00   1.00
6310500.0  3319.80  8040.00  4480.00  8900.00   400.00  8040.00  4480.00   1.00
6319000.0  3319.80  8040.00  4480.00  8900.00   400.00  8040.00  4480.00   1.00
6327500.0  3319.80  8040.00  4480.00  8900.00   400.00  8040.00  4480.00   1.00
6336000.0  3319.80  8040.00  4480.00  8900.00   400.00  8040.00  4480.00   1.00
6336000.0  2920.00  6500.00  3850.00  8900.00   400.00  6500.00  3850.00   1.00
6339000.0  2920.00  6500.00  3850.00  8900.00   400.00  6500.00  3850.00   1.00
6342000.0  2920.00  6500.00  3850.00  8900.00   400.00  6500.00  3850.00   1.00
6345000.0  2920.00  6500.00  3850.00  8900.00   400.00  6500.00  3850.00   1.00
6348000.0  2920.00  6500.00  3850.00  8900.00   400.00  6500.00  3850.00   1.00
6351000.0  2920.00  6500.00  3850.00  8900.00   400.00  6500.00  3850.00   1.00
6351000.0  2720.00  5800.00  3460.00  8900.00   150.00  5800.00  3460.00   1.00
6355000.0  2720.00  5800.00  3460.00  8900.00   150.00  5800.00  3460.00   1.00
6359000.0  2720.00  5800.00  3460.00  8900.00   150.00  5800.00  3460.00   1.00
6363000.0  2720.00  5800.00  3460.00  8900.00   150.00  5800.00  3460.00   1.00
6367000.0  2720.00  5800.00  3460.00  8900.00   150.00  5800.00  3460.00   1.00
6371000.0  2720.00  5800.00  3460.00  8900.00   150.00  5800.00  3460.00   1.00
