 SSPA  40.636  -77.888  31.18  10.9
 ANMO  34.946 -106.457  31.41 325.4
  TUC  32.310 -110.785  32.31 317.1
  HRV  42.506  -71.558  34.51  18.0
  PFO  33.611 -116.455  36.96 314.2
 RSSD  44.121 -104.036  37.63 337.8
 PASC  34.171 -118.185  38.48 313.7
 PD31  42.767 -109.558  38.87 331.2
 NV31  38.433 -118.153  40.78 319.4
  CMB  38.035 -120.387  42.02 317.4
  FFC  54.725 -101.978  46.49 346.8
  COR  44.585 -123.305  47.47 323.4
 TRQA -38.057  -61.979  52.75 156.9
 CMLA  37.764  -25.524  60.07  52.1
 SFJD  66.996  -50.621  61.44  14.7
  EFI -51.675  -58.064  65.98 161.9
 MACI  28.250  -16.508  66.65  63.5
 POHA  19.757 -155.533  68.13 287.3
 KDAK  57.783 -152.583  69.45 328.2
 BORG  64.747  -21.327  69.96  24.2
  KIP  21.420 -158.011  70.35 289.2
 ASCN  -7.933  -14.360  72.89 101.6
 HOPE -54.284  -36.488  76.26 153.0
 PMSA -64.774  -64.049  76.46 170.8
  PAB  39.545   -4.350  76.67  51.6
  ESK  55.317   -3.205  77.25  35.4
  KBS  78.915   11.939  81.52  11.2
 JOHN  16.733 -169.529  81.65 285.6
 TRIS -37.068  -12.315  82.82 129.6
 SHEL -15.959   -5.746  82.90 107.6
  ADK  51.882 -176.684  82.95 321.5
 KONO  59.649    9.598  83.80  30.5
  BFO  48.332    8.331  84.91  41.9
 GRFO  49.691   11.220  86.53  40.2
 KNTN  -2.774 -171.719  86.95 266.6
 MIDW  28.216 -177.370  87.06 298.1
  KEV  69.757   27.003  88.04  18.7
  AFI -13.909 -171.777  89.02 255.7
