 MODEL: tak135-f
 1 1.0 1
 139 25 71
       0 13012.20 11262.20  3667.80  99999.9  99999.9 11262.20  3667.80  1.0
   50710 13011.70 11261.80  3667.50  99999.9  99999.9 11261.80  3667.50  1.0
  101430 13010.00 11260.60  3666.70  99999.9  99999.9 11260.60  3666.70  1.0
  152140 13007.40 11258.60  3665.30  99999.9  99999.9 11258.60  3665.30  1.0
  202850 13003.60 11255.70  3663.30  99999.9  99999.9 11255.70  3663.30  1.0
  253560 12998.80 11252.10  3660.80  99999.9  99999.9 11252.10  3660.80  1.0
  304280 12992.90 11247.70  3657.70  99999.9  99999.9 11247.70  3657.70  1.0
  354990 12985.90 11242.40  3654.00  99999.9  99999.9 11242.40  3654.00  1.0
  405700 12977.90 11236.40  3649.80  99999.9  99999.9 11236.40  3649.80  1.0
  456410 12968.80 11229.50  3645.00  99999.9  99999.9 11229.50  3645.00  1.0
  507130 12958.60 11221.90  3639.60  99999.9  99999.9 11221.90  3639.60  1.0
  557840 12947.40 11213.40  3633.70  99999.9  99999.9 11213.40  3633.70  1.0
  608550 12935.10 11204.10  3627.20  99999.9  99999.9 11204.10  3627.20  1.0
  659260 12921.70 11194.10  3620.20  99999.9  99999.9 11194.10  3620.20  1.0
  709980 12907.20 11183.20  3612.60  99999.9  99999.9 11183.20  3612.60  1.0
  760690 12891.70 11171.50  3604.40  99999.9  99999.9 11171.50  3604.40  1.0
  811400 12875.10 11159.00  3595.70  99999.9  99999.9 11159.00  3595.70  1.0
  862110 12857.40 11145.70  3586.40  99999.9  99999.9 11145.70  3586.40  1.0
  912830 12838.70 11131.60  3576.50  99999.9  99999.9 11131.60  3576.50  1.0
  963540 12818.80 11116.60  3566.10  99999.9  99999.9 11116.60  3566.10  1.0
 1014250 12798.00 11098.30  3555.10  99999.9  99999.9 11098.30  3555.10  1.0
 1064960 12776.00 11085.00  3543.50  99999.9  99999.9 11085.00  3543.50  1.0
 1115680 12753.00 11071.80  3531.40  99999.9  99999.9 11071.80  3531.40  1.0
 1166390 12728.90 11058.50  3518.70  99999.9  99999.9 11058.50  3518.70  1.0
 1217500 12703.70 11042.70  3504.30  99999.9  99999.9 11042.70  3504.30  1.0
 1217500 12139.10 10289.00     0.00  99999.9  99999.9 10289.00     0.00  1.0
 1267430 12113.30 10285.40     0.00  99999.9  99999.9 10285.40     0.00  1.0
 1317760 12086.70 10274.50     0.00  99999.9  99999.9 10274.50     0.00  1.0
 1368090 12059.30 10256.50     0.00  99999.9  99999.9 10256.50     0.00  1.0
 1418420 12031.10 10232.90     0.00  99999.9  99999.9 10232.90     0.00  1.0
 1468760 12000.10 10204.90     0.00  99999.9  99999.9 10204.90     0.00  1.0
 1519090 11972.20 10173.90     0.00  99999.9  99999.9 10173.90     0.00  1.0
 1569420 11941.40 10141.50     0.00  99999.9  99999.9 10141.50     0.00  1.0
 1619750 11909.80 10109.50     0.00  99999.9  99999.9 10109.50     0.00  1.0
 1670080 11877.20 10076.80     0.00  99999.9  99999.9 10076.80     0.00  1.0
 1720410 11843.70 10043.90     0.00  99999.9  99999.9 10043.90     0.00  1.0
 1770740 11809.20 10010.30     0.00  99999.9  99999.9 10010.30     0.00  1.0
 1821070 11773.70  9976.10     0.00  99999.9  99999.9  9976.10     0.00  1.0
 1871400 11737.30  9941.00     0.00  99999.9  99999.9  9941.00     0.00  1.0
 1921740 11699.80  9905.10     0.00  99999.9  99999.9  9905.10     0.00  1.0
 1972070 11661.20  9868.20     0.00  99999.9  99999.9  9868.20     0.00  1.0
 2022400 11621.60  9830.40     0.00  99999.9  99999.9  9830.40     0.00  1.0
 2072730 11580.90  9791.40     0.00  99999.9  99999.9  9791.40     0.00  1.0
 2123060 11539.10  9751.30     0.00  99999.9  99999.9  9751.30     0.00  1.0
 2173390 11496.20  9710.00     0.00  99999.9  99999.9  9710.00     0.00  1.0
 2223720 11452.10  9667.30     0.00  99999.9  99999.9  9667.30     0.00  1.0
 2274050 11406.90  9623.20     0.00  99999.9  99999.9  9623.20     0.00  1.0
 2324380 11360.40  9577.70     0.00  99999.9  99999.9  9577.70     0.00  1.0
 2374720 11312.70  9530.60     0.00  99999.9  99999.9  9530.60     0.00  1.0
 2425050 11263.90  9481.40     0.00  99999.9  99999.9  9481.40     0.00  1.0
 2475380 11213.70  9429.70     0.00  99999.9  99999.9  9429.70     0.00  1.0
 2525710 11162.30  9376.00     0.00  99999.9  99999.9  9376.00     0.00  1.0
 2576040 11109.50  9320.50     0.00  99999.9  99999.9  9320.50     0.00  1.0
 2626370 11055.50  9263.40     0.00  99999.9  99999.9  9263.40     0.00  1.0
 2676700 11000.10  9204.20     0.00  99999.9  99999.9  9204.20     0.00  1.0
 2727030 10943.40  9142.60     0.00  99999.9  99999.9  9142.60     0.00  1.0
 2777360 10885.20  9079.20     0.00  99999.9  99999.9  9079.20     0.00  1.0
 2827700 10825.70  9013.80     0.00  99999.9  99999.9  9013.80     0.00  1.0
 2878030 10764.70  8946.10     0.00  99999.9  99999.9  8946.10     0.00  1.0
 2928360 10702.30  8876.10     0.00  99999.9  99999.9  8876.10     0.00  1.0
 2978690 10638.50  8803.60     0.00  99999.9  99999.9  8803.60     0.00  1.0
 3029020 10573.10  8728.30     0.00  99999.9  99999.9  8728.30     0.00  1.0
 3079350 10506.20  8649.60     0.00  99999.9  99999.9  8649.60     0.00  1.0
 3129680 10437.80  8569.20     0.00  99999.9  99999.9  8569.20     0.00  1.0
 3180010 10367.90  8486.10     0.00  99999.9  99999.9  8486.10     0.00  1.0
 3230340 10296.40  8400.10     0.00  99999.9  99999.9  8400.10     0.00  1.0
 3280680 10223.30  8312.20     0.00  99999.9  99999.9  8312.20     0.00  1.0
 3331010 10148.50  8221.30     0.00  99999.9  99999.9  8221.30     0.00  1.0
 3381340 10072.20  8128.30     0.00  99999.9  99999.9  8128.30     0.00  1.0
 3431670  9994.20  8038.20     0.00  99999.9  99999.9  8038.20     0.00  1.0
 3479500  9914.50  8000.00     0.00  99999.9  99999.9  8000.00     0.00  1.0
 3479500  5772.10 13660.10  7281.70  99999.9  99999.9 13660.10  7281.70  1.0
 3531670  5745.80 13657.00  7270.00  99999.9  99999.9 13657.00  7270.00  1.0
 3581330  5719.60 13653.30  7259.30  99999.9  99999.9 13653.30  7259.30  1.0
 3631000  5693.40 13649.80  7248.50  99999.9  99999.9 13649.80  7248.50  1.0
 3631000  5438.70 13649.80  7248.50  99999.9  99999.9 13649.80  7248.50  1.0
 3681000  5417.60 13589.90  7225.30  99999.9  99999.9 13589.90  7225.30  1.0
 3731000  5396.20 13531.10  7203.10  99999.9  99999.9 13531.10  7203.10  1.0
 3779500  5374.80 13474.10  7180.40  99999.9  99999.9 13474.10  7180.40  1.0
 3829000  5353.10 13415.60  7158.40  99999.9  99999.9 13415.60  7158.40  1.0
 3878500  5331.30 13358.40  7136.80  99999.9  99999.9 13358.40  7136.80  1.0
 3928000  5309.20 13301.70  7114.40  99999.9  99999.9 13301.70  7114.40  1.0
 3977500  5287.00 13246.50  7093.20  99999.9  99999.9 13246.50  7093.20  1.0
 4027000  5264.60 13189.50  7072.20  99999.9  99999.9 13189.50  7072.20  1.0
 4076500  5242.00 13133.70  7050.40  99999.9  99999.9 13133.70  7050.40  1.0
 4126000  5219.20 13078.60  7028.60  99999.9  99999.9 13078.60  7028.60  1.0
 4175500  5196.30 13022.60  7006.90  99999.9  99999.9 13022.60  7006.90  1.0
 4225000  5173.20 12966.30  6985.20  99999.9  99999.9 12966.30  6985.20  1.0
 4274500  5149.90 12909.30  6962.50  99999.9  99999.9 12909.30  6962.50  1.0
 4324000  5126.40 12852.40  6941.60  99999.9  99999.9 12852.40  6941.60  1.0
 4373500  5102.70 12795.60  6919.40  99999.9  99999.9 12795.60  6919.40  1.0
 4423000  5078.90 12738.40  6897.20  99999.9  99999.9 12738.40  6897.20  1.0
 4472500  5054.80 12680.70  6874.30  99999.9  99999.9 12680.70  6874.30  1.0
 4522000  5030.60 12622.60  6851.70  99999.9  99999.9 12622.60  6851.70  1.0
 4571500  5006.20 12563.80  6828.90  99999.9  99999.9 12563.80  6828.90  1.0
 4621000  4981.70 12503.00  6805.60  99999.9  99999.9 12503.00  6805.60  1.0
 4670500  4957.00 12442.70  6782.00  99999.9  99999.9 12442.70  6782.00  1.0
 4720000  4932.10 12381.30  6757.90  99999.9  99999.9 12381.30  6757.90  1.0
 4769500  4906.90 12318.10  6732.30  99999.9  99999.9 12318.10  6732.30  1.0
 4819000  4881.70 12255.80  6707.00  99999.9  99999.9 12255.80  6707.00  1.0
 4868500  4856.20 12191.20  6681.30  99999.9  99999.9 12191.20  6681.30  1.0
 4918000  4830.70 12124.70  6655.40  99999.9  99999.9 12124.70  6655.40  1.0
 4967500  4805.00 12057.10  6628.50  99999.9  99999.9 12057.10  6628.50  1.0
 5017000  4779.00 11989.10  6600.90  99999.9  99999.9 11989.10  6600.90  1.0
 5066500  4752.80 11920.80  6572.80  99999.9  99999.9 11920.80  6572.80  1.0
 5116000  4726.60 11849.10  6543.10  99999.9  99999.9 11849.10  6543.10  1.0
 5165500  4700.10 11776.80  6513.10  99999.9  99999.9 11776.80  6513.10  1.0
 5215000  4673.50 11702.00  6482.20  99999.9  99999.9 11702.00  6482.20  1.0
 5264500  4646.70 11626.50  6451.40  99999.9  99999.9 11626.50  6451.40  1.0
 5314000  4619.80 11549.30  6418.20  99999.9  99999.9 11549.30  6418.20  1.0
 5363500  4592.60 11470.40  6386.00  99999.9  99999.9 11470.40  6386.00  1.0
 5413000  4565.40 11389.70  6351.90  99999.9  99999.9 11389.70  6351.90  1.0
 5462500  4516.20 11306.80  6316.40  99999.9  99999.9 11306.80  6316.40  1.0
 5512000  4465.00 11222.80  6279.90  99999.9  99999.9 11222.80  6279.90  1.0
 5561500  4411.80 11135.50  6242.40  99999.9  99999.9 11135.50  6242.40  1.0
 5611000  4356.50 11055.30  6210.00  99999.9  99999.9 11055.30  6210.00  1.0
 5661000  4298.60 10922.20  6089.80  99999.9  99999.9 10922.20  6089.80  1.0
 5711000  4238.70 10790.90  5960.70  99999.9  99999.9 10790.90  5960.70  1.0
 5711000  3920.10 10200.00  5610.40  99999.9  99999.9 10200.00  5610.40  1.0
 5761000  3920.60 10032.00  5504.70  99999.9  99999.9 10032.00  5504.70  1.0
 5811000  3921.80  9864.00  5398.90  99999.9  99999.9  9864.00  5398.90  1.0
 5861000  3923.30  9696.20  5292.20  99999.9  99999.9  9696.20  5292.20  1.0
 5911000  3927.30  9528.00  5186.40  99999.9  99999.9  9528.00  5186.40  1.0
 5961000  3931.70  9360.10  5080.60  99999.9  99999.9  9360.10  5080.60  1.0
 5961000  3506.80  9030.20  4870.20  99999.9  99999.9  9030.20  4870.20  1.0
 6011000  3457.70  8847.60  4783.20  99999.9  99999.9  8847.60  4783.20  1.0
 6061000  3411.00  8665.00  4696.40  99999.9  99999.9  8665.00  4696.40  1.0
 6111000  3366.30  8482.20  4609.40  99999.9  99999.9  8482.20  4609.40  1.0
 6161000  3324.30  8300.70  4518.40  99999.9  99999.9  8300.70  4518.40  1.0
 6161000  3324.30  8300.70  4518.40  99999.9  99999.9  8300.70  4518.40  1.0
 6206000  3371.10  8175.00  4509.00  99999.9  99999.9  8175.00  4509.00  1.0
 6251000  3426.80  8050.50  4500.00  99999.9  99999.9  8050.50  4500.00  1.0
 6251000  3371.30  8050.00  4500.00  99999.9  99999.9  8050.00  4500.00  1.0
 6293500  3345.50  8045.00  4490.00  99999.9  99999.9  8045.00  4490.00  1.0
 6336000  3319.80  8040.00  4480.00  99999.9  99999.9  8040.00  4480.00  1.0
 6336000  2920.00  6500.00  3850.00  99999.9  99999.9  6500.00  3850.00  1.0
 6351000  2920.00  6500.00  3850.00  99999.9  99999.9  6500.00  3850.00  1.0
 6351000  2720.00  5800.00  3460.00  99999.9  99999.9  5800.00  3460.00  1.0
 6371000  2720.00  5800.00  3460.00  99999.9  99999.9  5800.00  3460.00  1.0
