 Freq  (hz)   :   9.99999978E-03
 c     (m/s)  :   1.00000000    
 seafloor     : F
 Model        :HOMO3.5.mod
 Model name: HOMO3.5.mod
 LAYER              H     P-VEL     S-VEL   DENSITY  
     1      0.1000E-02  6.000      3.500      2.500    
     2      0.1000E-02  6.000      3.500      2.500    
     3      0.1000E-02  6.000      3.500      2.500    
     4      0.1000E-02  6.000      3.500      2.500    
     5      0.1000E-02  6.000      3.500      2.500    
     6      0.1000E-02  6.000      3.500      2.500    
     7      0.1000E-02  6.000      3.500      2.500    
     8      0.1000E-02  6.000      3.500      2.500    
     9      0.1000E-02  6.000      3.500      2.500    
    10      0.1000E-02  6.000      3.500      2.500    
    11      0.1000E-02  6.000      3.500      2.500    
    12      0.1000E-02  6.000      3.500      2.500    
    13      0.1000E-02  6.000      3.500      2.500    
    14      0.1000E-02  6.000      3.500      2.500    
    15      0.1000E-02  6.000      3.500      2.500    
    16      0.1000E-02  6.000      3.500      2.500    
    17      0.1000E-02  6.000      3.500      2.500    
    18      0.1000E-02  6.000      3.500      2.500    
    19      0.1000E-02  6.000      3.500      2.500    
    20      0.1000E-02  6.000      3.500      2.500    
    21      0.5000E-02  6.000      3.500      2.500    
    22      0.5000E-02  6.000      3.500      2.500    
    23      0.5000E-02  6.000      3.500      2.500    
    24      0.5000E-02  6.000      3.500      2.500    
    25      0.5000E-02  6.000      3.500      2.500    
    26      0.5000E-02  6.000      3.500      2.500    
    27      0.5000E-02  6.000      3.500      2.500    
    28      0.5000E-02  6.000      3.500      2.500    
    29      0.5000E-02  6.000      3.500      2.500    
    30      0.5000E-02  6.000      3.500      2.500    
    31      0.1000E-01  6.000      3.500      2.500    
    32      0.1000E-01  6.000      3.500      2.500    
    33      0.1000E-01  6.000      3.500      2.500    
    34      0.1000E-01  6.000      3.500      2.500    
    35      0.1000E-01  6.000      3.500      2.500    
    36      0.1000E-01  6.000      3.500      2.500    
 COMPZ    :   3.9386949257647075E-010
 TILT     :   6.1432600164909040E-008
ZZ    I   Z(mid)(m)        Ka         Kb          Kr        Kkappa       Kmu         Krho
XX    I   Z(mid)(m)        Ka         Kb          Kr        Kkappa       Kmu         Krho
ZZ    1     0.50000    -0.24366     0.08215    -0.08074    -0.06656    -0.01430     0.00000
XX    1     0.50000    -0.24366     0.08215    -0.08074    -0.06655    -0.01420     0.00001
ZZ    2     1.50000    -0.21486     0.06819    -0.07333    -0.05868    -0.01474     0.00000
XX    2     1.50000    -0.21486     0.06819    -0.07333    -0.05869    -0.01465     0.00001
ZZ    3     2.50000    -0.18945     0.05250    -0.06835    -0.05180    -0.01679     0.00000
XX    3     2.50000    -0.18945     0.05250    -0.06835    -0.05175    -0.01673     0.00012
ZZ    4     3.50000    -0.16698     0.03618    -0.06533    -0.04564    -0.01983     0.00000
XX    4     3.50000    -0.16698     0.03618    -0.06533    -0.04561    -0.01979     0.00007
ZZ    5     4.50000    -0.14729     0.02005    -0.06363    -0.04020    -0.02342     0.00000
XX    5     4.50000    -0.14729     0.02005    -0.06363    -0.04023    -0.02339    -0.00001
ZZ    6     5.50000    -0.12997     0.00449    -0.06267    -0.03553    -0.02717     0.00000
XX    6     5.50000    -0.12997     0.00449    -0.06267    -0.03550    -0.02724     0.00007
ZZ    7     6.50000    -0.11468    -0.00978    -0.06225    -0.03126    -0.03085     0.00000
XX    7     6.50000    -0.11468    -0.00978    -0.06225    -0.03133    -0.03091    -0.00002
ZZ    8     7.50000    -0.10123    -0.02290    -0.06208    -0.02758    -0.03443     0.00000
XX    8     7.50000    -0.10123    -0.02290    -0.06208    -0.02765    -0.03442    -0.00001
ZZ    9     8.50000    -0.08918    -0.03454    -0.06198    -0.02432    -0.03753    -0.00001
XX    9     8.50000    -0.08918    -0.03454    -0.06198    -0.02436    -0.03750    -0.00012
ZZ   10     9.50000    -0.07865    -0.04471    -0.06177    -0.02146    -0.04019     0.00000
XX   10     9.50000    -0.07865    -0.04471    -0.06177    -0.02148    -0.04019    -0.00009
ZZ   11    10.50000    -0.06934    -0.05346    -0.06142    -0.01896    -0.04244     0.00000
XX   11    10.50000    -0.06934    -0.05346    -0.06142    -0.01894    -0.04246    -0.00002
ZZ   12    11.50000    -0.06109    -0.06073    -0.06098    -0.01670    -0.04419     0.00000
XX   12    11.50000    -0.06109    -0.06073    -0.06098    -0.01669    -0.04422    -0.00007
ZZ   13    12.50000    -0.05391    -0.06659    -0.06034    -0.01465    -0.04550     0.00000
XX   13    12.50000    -0.05391    -0.06659    -0.06034    -0.01473    -0.04552    -0.00010
ZZ   14    13.50000    -0.04752    -0.07126    -0.05950    -0.01287    -0.04631     0.00000
XX   14    13.50000    -0.04752    -0.07126    -0.05950    -0.01298    -0.04641    -0.00011
ZZ   15    14.50000    -0.04189    -0.07467    -0.05831    -0.01139    -0.04676     0.00000
XX   15    14.50000    -0.04189    -0.07467    -0.05831    -0.01144    -0.04684    -0.00002
ZZ   16    15.50000    -0.03705    -0.07705    -0.05704    -0.01006    -0.04685     0.00000
XX   16    15.50000    -0.03705    -0.07705    -0.05704    -0.01012    -0.04693     0.00000
ZZ   17    16.50000    -0.03263    -0.07847    -0.05556    -0.00892    -0.04649     0.00000
XX   17    16.50000    -0.03263    -0.07847    -0.05556    -0.00891    -0.04664    -0.00001
ZZ   18    17.50000    -0.02879    -0.07910    -0.05394    -0.00788    -0.04594     0.00000
XX   18    17.50000    -0.02879    -0.07910    -0.05394    -0.00786    -0.04608     0.00000
ZZ   19    18.50000    -0.02545    -0.07902    -0.05223    -0.00696    -0.04514     0.00000
XX   19    18.50000    -0.02545    -0.07902    -0.05223    -0.00695    -0.04529     0.00001
ZZ   20    19.50000    -0.02237    -0.07826    -0.05034    -0.00617    -0.04411     0.00000
XX   20    19.50000    -0.02237    -0.07826    -0.05034    -0.00611    -0.04421    -0.00002
ZZ   21    22.50000    -0.01563    -0.07286    -0.04428    -0.00425    -0.03999     0.00000
XX   21    22.50000    -0.01563    -0.07286    -0.04428    -0.00427    -0.03998    -0.00003
ZZ   22    27.50000    -0.00833    -0.05965    -0.03405    -0.00226    -0.03175     0.00000
XX   22    27.50000    -0.00833    -0.05965    -0.03405    -0.00228    -0.03172    -0.00006
ZZ   23    32.50000    -0.00446    -0.04516    -0.02486    -0.00123    -0.02357     0.00000
XX   23    32.50000    -0.00446    -0.04516    -0.02486    -0.00122    -0.02360    -0.00004
ZZ   24    37.50000    -0.00237    -0.03241    -0.01740    -0.00065    -0.01673     0.00000
XX   24    37.50000    -0.00237    -0.03241    -0.01740    -0.00065    -0.01674    -0.00001
ZZ   25    42.50000    -0.00128    -0.02234    -0.01184    -0.00033    -0.01145     0.00000
XX   25    42.50000    -0.00128    -0.02234    -0.01184    -0.00035    -0.01146    -0.00003
ZZ   26    47.50000    -0.00067    -0.01496    -0.00784    -0.00017    -0.00761     0.00000
XX   26    47.50000    -0.00067    -0.01496    -0.00784    -0.00018    -0.00763    -0.00003
ZZ   27    52.50000    -0.00034    -0.00978    -0.00508    -0.00008    -0.00497    -0.00000
XX   27    52.50000    -0.00034    -0.00978    -0.00508    -0.00009    -0.00497    -0.00002
ZZ   28    57.50000    -0.00017    -0.00627    -0.00324    -0.00006    -0.00319     0.00000
XX   28    57.50000    -0.00017    -0.00627    -0.00324    -0.00005    -0.00317    -0.00002
ZZ   29    62.50000    -0.00009    -0.00397    -0.00203    -0.00004    -0.00204     0.00000
XX   29    62.50000    -0.00009    -0.00397    -0.00203    -0.00003    -0.00201     0.00000
ZZ   30    67.50000    -0.00006    -0.00247    -0.00127    -0.00002    -0.00127     0.00000
XX   30    67.50000    -0.00006    -0.00247    -0.00127    -0.00002    -0.00125    -0.00001
ZZ   31    75.00000    -0.00003    -0.00123    -0.00063    -0.00001    -0.00062     0.00000
XX   31    75.00000    -0.00003    -0.00123    -0.00063    -0.00001    -0.00062    -0.00000
ZZ   32    85.00000    -0.00001    -0.00045    -0.00022    -0.00000    -0.00022     0.00000
XX   32    85.00000    -0.00001    -0.00045    -0.00022    -0.00000    -0.00023     0.00002
ZZ   33    95.00000    -0.00000    -0.00014    -0.00007     0.00000    -0.00007     0.00000
XX   33    95.00000    -0.00000    -0.00014    -0.00007    -0.00000    -0.00007     0.00000
ZZ   34   105.00000     0.00000    -0.00005    -0.00003    -0.00000    -0.00003     0.00000
XX   34   105.00000     0.00000    -0.00005    -0.00003     0.00000    -0.00002    -0.00001
ZZ   35   115.00000     0.00000    -0.00003    -0.00001    -0.00000    -0.00001     0.00000
XX   35   115.00000     0.00000    -0.00003    -0.00001     0.00000    -0.00001    -0.00000
ZZ   36   125.00000     0.00000    -0.00001    -0.00001    -0.00000    -0.00001     0.00000
XX   36   125.00000     0.00000    -0.00001    -0.00001     0.00000    -0.00001    -0.00000
