 Freq  (hz)   :   9.99999978E-03
 c     (m/s)  :   92.3199005    
 seafloor     : T
 g   (m/s^2)  :   9.80000019    
 depth   (m)  :   1000.00000    
 Model name: HOMOSEA3.5.mod
 LAYER              H     P-VEL     S-VEL   DENSITY  
     1      0.1000      6.000      3.500      2.500    
     2      0.1000      6.000      3.500      2.500    
     3      0.1000      6.000      3.500      2.500    
     4      0.1000      6.000      3.500      2.500    
     5      0.1000      6.000      3.500      2.500    
     6      0.1000      6.000      3.500      2.500    
     7      0.1000      6.000      3.500      2.500    
     8      0.1000      6.000      3.500      2.500    
     9      0.1000      6.000      3.500      2.500    
    10      0.1000      6.000      3.500      2.500    
    11      0.1000      6.000      3.500      2.500    
    12      0.1000      6.000      3.500      2.500    
    13      0.1000      6.000      3.500      2.500    
    14      0.1000      6.000      3.500      2.500    
    15      0.1000      6.000      3.500      2.500    
    16      0.1000      6.000      3.500      2.500    
    17      0.1000      6.000      3.500      2.500    
    18      0.1000      6.000      3.500      2.500    
    19      0.1000      6.000      3.500      2.500    
    20      0.1000      6.000      3.500      2.500    
    21      0.1000      6.000      3.500      2.500    
    22      0.1000      6.000      3.500      2.500    
    23      0.1000      6.000      3.500      2.500    
    24      0.1000      6.000      3.500      2.500    
    25      0.1000      6.000      3.500      2.500    
    26      0.1000      6.000      3.500      2.500    
    27      0.1000      6.000      3.500      2.500    
    28      0.1000      6.000      3.500      2.500    
    29      0.1000      6.000      3.500      2.500    
    30      0.1000      6.000      3.500      2.500    
    31      0.1000      6.000      3.500      2.500    
    32      0.1000      6.000      3.500      2.500    
    33      0.1000      6.000      3.500      2.500    
    34      0.1000      6.000      3.500      2.500    
    35      0.1000      6.000      3.500      2.500    
    36      0.1000      6.000      3.500      2.500    
    37      0.1000      6.000      3.500      2.500    
    38      0.1000      6.000      3.500      2.500    
    39      0.1000      6.000      3.500      2.500    
    40      0.1000      6.000      3.500      2.500    
    41      0.1000      6.000      3.500      2.500    
    42      0.1000      6.000      3.500      2.500    
    43      0.1000      6.000      3.500      2.500    
    44      0.1000      6.000      3.500      2.500    
    45      0.1000      6.000      3.500      2.500    
    46      0.1000      6.000      3.500      2.500    
    47      0.1000      6.000      3.500      2.500    
    48      0.1000      6.000      3.500      2.500    
    49      0.1000      6.000      3.500      2.500    
    50      0.1000      6.000      3.500      2.500    
    51      0.1000      6.000      3.500      2.500    
    52      0.1000      6.000      3.500      2.500    
    53      0.1000      6.000      3.500      2.500    
    54      0.1000      6.000      3.500      2.500    
    55      0.1000      6.000      3.500      2.500    
    56      0.1000      6.000      3.500      2.500    
    57      0.1000      6.000      3.500      2.500    
    58      0.1000      6.000      3.500      2.500    
    59      0.1000      6.000      3.500      2.500    
    60      0.1000      6.000      3.500      2.500    
    61      0.1000      6.000      3.500      2.500    
    62      0.1000      6.000      3.500      2.500    
    63      0.1000      6.000      3.500      2.500    
    64      0.1000      6.000      3.500      2.500    
    65      0.1000      6.000      3.500      2.500    
    66      0.1000      6.000      3.500      2.500    
    67      0.1000      6.000      3.500      2.500    
    68      0.1000      6.000      3.500      2.500    
    69      0.1000      6.000      3.500      2.500    
    70      0.1000      6.000      3.500      2.500    
    71      0.1000      6.000      3.500      2.500    
    72      0.1000      6.000      3.500      2.500    
 COMPZ    :   3.6381283763375905E-008
 COMPR    :   1.2383965852791334E-008
ZZ    I   Z(mid)(m)        Ka         Kb          Kr        Kkappa       Kmu         Krho
XX    I   Z(mid)(m)        Ka         Kb          Kr        Kkappa       Kmu         Krho
ZZ    1    50.00000    -0.00263     0.00088    -0.00087    -0.00072    -0.00015     0.00000
XX    1    50.00000    -0.00263     0.00088    -0.00087    -0.00072    -0.00015     0.00000
ZZ    2   150.00000    -0.00229     0.00072    -0.00079    -0.00063    -0.00016     0.00000
XX    2   150.00000    -0.00229     0.00072    -0.00079    -0.00063    -0.00016     0.00000
ZZ    3   250.00000    -0.00200     0.00053    -0.00073    -0.00055    -0.00019     0.00000
XX    3   250.00000    -0.00200     0.00053    -0.00073    -0.00055    -0.00019     0.00000
ZZ    4   350.00000    -0.00174     0.00034    -0.00070    -0.00048    -0.00023     0.00000
XX    4   350.00000    -0.00174     0.00034    -0.00070    -0.00048    -0.00023     0.00000
ZZ    5   450.00000    -0.00152     0.00015    -0.00068    -0.00042    -0.00027     0.00000
XX    5   450.00000    -0.00152     0.00015    -0.00068    -0.00042    -0.00027     0.00000
ZZ    6   550.00000    -0.00133    -0.00002    -0.00068    -0.00036    -0.00031     0.00000
XX    6   550.00000    -0.00133    -0.00002    -0.00068    -0.00036    -0.00031     0.00000
ZZ    7   650.00000    -0.00116    -0.00018    -0.00067    -0.00032    -0.00035     0.00000
XX    7   650.00000    -0.00116    -0.00018    -0.00067    -0.00032    -0.00036    -0.00000
ZZ    8   750.00000    -0.00101    -0.00033    -0.00067    -0.00028    -0.00039     0.00000
XX    8   750.00000    -0.00101    -0.00033    -0.00067    -0.00028    -0.00039    -0.00000
ZZ    9   850.00000    -0.00088    -0.00045    -0.00067    -0.00024    -0.00043     0.00000
XX    9   850.00000    -0.00088    -0.00045    -0.00067    -0.00024    -0.00043     0.00000
ZZ   10   950.00000    -0.00077    -0.00056    -0.00067    -0.00021    -0.00046     0.00000
XX   10   950.00000    -0.00077    -0.00056    -0.00067    -0.00021    -0.00046     0.00000
ZZ   11  1050.00000    -0.00067    -0.00065    -0.00066    -0.00018    -0.00048     0.00000
XX   11  1050.00000    -0.00067    -0.00065    -0.00066    -0.00018    -0.00048    -0.00000
ZZ   12  1150.00000    -0.00059    -0.00072    -0.00065    -0.00016    -0.00049     0.00000
XX   12  1150.00000    -0.00059    -0.00072    -0.00065    -0.00016    -0.00049    -0.00000
ZZ   13  1250.00000    -0.00051    -0.00077    -0.00064    -0.00014    -0.00050     0.00000
XX   13  1250.00000    -0.00051    -0.00077    -0.00064    -0.00014    -0.00050    -0.00000
ZZ   14  1350.00000    -0.00045    -0.00081    -0.00063    -0.00012    -0.00051     0.00000
XX   14  1350.00000    -0.00045    -0.00081    -0.00063    -0.00012    -0.00051    -0.00000
ZZ   15  1450.00000    -0.00039    -0.00084    -0.00061    -0.00011    -0.00051     0.00000
XX   15  1450.00000    -0.00039    -0.00084    -0.00061    -0.00011    -0.00051    -0.00000
ZZ   16  1550.00000    -0.00034    -0.00085    -0.00060    -0.00009    -0.00051     0.00000
XX   16  1550.00000    -0.00034    -0.00085    -0.00060    -0.00009    -0.00050    -0.00000
ZZ   17  1650.00000    -0.00030    -0.00086    -0.00058    -0.00008    -0.00050     0.00000
XX   17  1650.00000    -0.00030    -0.00086    -0.00058    -0.00008    -0.00050    -0.00000
ZZ   18  1750.00000    -0.00026    -0.00085    -0.00056    -0.00007    -0.00049     0.00000
XX   18  1750.00000    -0.00026    -0.00085    -0.00056    -0.00007    -0.00049     0.00000
ZZ   19  1850.00000    -0.00023    -0.00084    -0.00053    -0.00006    -0.00047     0.00000
XX   19  1850.00000    -0.00023    -0.00084    -0.00053    -0.00006    -0.00047     0.00000
ZZ   20  1950.00000    -0.00020    -0.00082    -0.00051    -0.00005    -0.00046     0.00000
XX   20  1950.00000    -0.00020    -0.00082    -0.00051    -0.00005    -0.00046     0.00000
ZZ   21  2050.00000    -0.00017    -0.00080    -0.00049    -0.00005    -0.00044     0.00000
XX   21  2050.00000    -0.00017    -0.00080    -0.00049    -0.00005    -0.00044     0.00000
ZZ   22  2150.00000    -0.00015    -0.00077    -0.00046    -0.00004    -0.00042     0.00000
XX   22  2150.00000    -0.00015    -0.00077    -0.00046    -0.00004    -0.00042     0.00000
ZZ   23  2250.00000    -0.00013    -0.00074    -0.00044    -0.00004    -0.00040     0.00000
XX   23  2250.00000    -0.00013    -0.00074    -0.00044    -0.00004    -0.00040     0.00000
ZZ   24  2350.00000    -0.00011    -0.00071    -0.00041    -0.00003    -0.00038     0.00000
XX   24  2350.00000    -0.00011    -0.00071    -0.00041    -0.00003    -0.00038     0.00000
ZZ   25  2450.00000    -0.00010    -0.00068    -0.00039    -0.00003    -0.00036     0.00000
XX   25  2450.00000    -0.00010    -0.00068    -0.00039    -0.00003    -0.00036     0.00000
ZZ   26  2550.00000    -0.00009    -0.00064    -0.00037    -0.00003    -0.00034     0.00000
XX   26  2550.00000    -0.00009    -0.00064    -0.00037    -0.00002    -0.00034    -0.00000
ZZ   27  2650.00000    -0.00007    -0.00061    -0.00034    -0.00003    -0.00032     0.00000
XX   27  2650.00000    -0.00007    -0.00061    -0.00034    -0.00002    -0.00032    -0.00000
ZZ   28  2750.00000    -0.00007    -0.00057    -0.00032    -0.00002    -0.00030     0.00000
XX   28  2750.00000    -0.00007    -0.00057    -0.00032    -0.00002    -0.00030    -0.00000
ZZ   29  2850.00000    -0.00006    -0.00054    -0.00030    -0.00002    -0.00029     0.00000
XX   29  2850.00000    -0.00006    -0.00054    -0.00030    -0.00002    -0.00028    -0.00000
ZZ   30  2950.00000    -0.00005    -0.00050    -0.00028    -0.00002    -0.00027     0.00000
XX   30  2950.00000    -0.00005    -0.00050    -0.00028    -0.00001    -0.00026    -0.00000
ZZ   31  3050.00000    -0.00004    -0.00047    -0.00026    -0.00002    -0.00025     0.00000
XX   31  3050.00000    -0.00004    -0.00047    -0.00026    -0.00001    -0.00025    -0.00000
ZZ   32  3150.00000    -0.00004    -0.00044    -0.00024    -0.00002    -0.00023     0.00000
XX   32  3150.00000    -0.00004    -0.00044    -0.00024    -0.00001    -0.00023    -0.00000
ZZ   33  3250.00000    -0.00004    -0.00041    -0.00022    -0.00001    -0.00022     0.00000
XX   33  3250.00000    -0.00004    -0.00041    -0.00022    -0.00001    -0.00021     0.00000
ZZ   34  3350.00000    -0.00003    -0.00038    -0.00021    -0.00001    -0.00020     0.00000
XX   34  3350.00000    -0.00003    -0.00038    -0.00021    -0.00001    -0.00020    -0.00000
ZZ   35  3450.00000    -0.00003    -0.00035    -0.00019    -0.00001    -0.00019     0.00000
XX   35  3450.00000    -0.00003    -0.00035    -0.00019    -0.00001    -0.00018    -0.00000
ZZ   36  3550.00000    -0.00003    -0.00032    -0.00018    -0.00001    -0.00017     0.00000
XX   36  3550.00000    -0.00003    -0.00032    -0.00018    -0.00001    -0.00017    -0.00000
ZZ   37  3650.00000    -0.00002    -0.00030    -0.00016    -0.00001    -0.00016     0.00000
XX   37  3650.00000    -0.00002    -0.00030    -0.00016    -0.00001    -0.00015    -0.00000
ZZ   38  3750.00000    -0.00002    -0.00028    -0.00015    -0.00001    -0.00015     0.00000
XX   38  3750.00000    -0.00002    -0.00028    -0.00015    -0.00001    -0.00014     0.00000
ZZ   39  3850.00000    -0.00002    -0.00025    -0.00014    -0.00001    -0.00013     0.00000
XX   39  3850.00000    -0.00002    -0.00025    -0.00014    -0.00001    -0.00013    -0.00000
ZZ   40  3950.00000    -0.00002    -0.00023    -0.00013    -0.00001    -0.00012     0.00000
XX   40  3950.00000    -0.00002    -0.00023    -0.00013    -0.00000    -0.00012    -0.00000
ZZ   41  4050.00000    -0.00002    -0.00021    -0.00011    -0.00001    -0.00011     0.00000
XX   41  4050.00000    -0.00002    -0.00021    -0.00011    -0.00000    -0.00011     0.00000
ZZ   42  4150.00000    -0.00001    -0.00020    -0.00011    -0.00001    -0.00010     0.00000
XX   42  4150.00000    -0.00001    -0.00020    -0.00011    -0.00000    -0.00010     0.00000
ZZ   43  4250.00000    -0.00001    -0.00018    -0.00010    -0.00001    -0.00009     0.00000
XX   43  4250.00000    -0.00001    -0.00018    -0.00010    -0.00000    -0.00009     0.00000
ZZ   44  4350.00000    -0.00001    -0.00016    -0.00009    -0.00001    -0.00009     0.00000
XX   44  4350.00000    -0.00001    -0.00016    -0.00009    -0.00000    -0.00009     0.00000
ZZ   45  4450.00000    -0.00001    -0.00015    -0.00008    -0.00001    -0.00008    -0.00000
XX   45  4450.00000    -0.00001    -0.00015    -0.00008    -0.00000    -0.00008     0.00000
ZZ   46  4550.00000    -0.00001    -0.00014    -0.00007    -0.00001    -0.00007     0.00000
XX   46  4550.00000    -0.00001    -0.00014    -0.00007    -0.00000    -0.00007     0.00000
ZZ   47  4650.00000    -0.00001    -0.00013    -0.00007    -0.00001    -0.00007    -0.00000
XX   47  4650.00000    -0.00001    -0.00013    -0.00007    -0.00000    -0.00007     0.00000
ZZ   48  4750.00000    -0.00001    -0.00011    -0.00006    -0.00001    -0.00006     0.00000
XX   48  4750.00000    -0.00001    -0.00011    -0.00006    -0.00000    -0.00006     0.00000
ZZ   49  4850.00000    -0.00001    -0.00010    -0.00006    -0.00001    -0.00006     0.00000
XX   49  4850.00000    -0.00001    -0.00010    -0.00006    -0.00000    -0.00005    -0.00000
ZZ   50  4950.00000    -0.00001    -0.00009    -0.00005    -0.00001    -0.00005     0.00000
XX   50  4950.00000    -0.00001    -0.00009    -0.00005    -0.00000    -0.00005    -0.00000
ZZ   51  5050.00000    -0.00001    -0.00009    -0.00005    -0.00001    -0.00005     0.00000
XX   51  5050.00000    -0.00001    -0.00009    -0.00005    -0.00000    -0.00005    -0.00000
ZZ   52  5150.00000    -0.00001    -0.00008    -0.00005    -0.00001    -0.00004     0.00000
XX   52  5150.00000    -0.00001    -0.00008    -0.00005    -0.00000    -0.00004    -0.00000
ZZ   53  5250.00000    -0.00001    -0.00007    -0.00004    -0.00001    -0.00004    -0.00000
XX   53  5250.00000    -0.00001    -0.00007    -0.00004    -0.00000    -0.00004    -0.00000
ZZ   54  5350.00000    -0.00001    -0.00007    -0.00004    -0.00001    -0.00004     0.00000
XX   54  5350.00000    -0.00001    -0.00007    -0.00004    -0.00000    -0.00003    -0.00000
ZZ   55  5450.00000    -0.00001    -0.00006    -0.00004    -0.00001    -0.00004    -0.00000
XX   55  5450.00000    -0.00001    -0.00006    -0.00004    -0.00000    -0.00003    -0.00000
ZZ   56  5550.00000    -0.00001    -0.00006    -0.00003    -0.00001    -0.00003     0.00000
XX   56  5550.00000    -0.00001    -0.00006    -0.00003    -0.00000    -0.00003    -0.00000
ZZ   57  5650.00000    -0.00001    -0.00005    -0.00003    -0.00001    -0.00003     0.00000
XX   57  5650.00000    -0.00001    -0.00005    -0.00003    -0.00000    -0.00003    -0.00000
ZZ   58  5750.00000    -0.00001    -0.00005    -0.00003    -0.00000    -0.00003     0.00000
XX   58  5750.00000    -0.00001    -0.00005    -0.00003    -0.00000    -0.00003    -0.00000
ZZ   59  5850.00000    -0.00001    -0.00004    -0.00003    -0.00000    -0.00003     0.00000
XX   59  5850.00000    -0.00001    -0.00004    -0.00003    -0.00000    -0.00002    -0.00000
ZZ   60  5950.00000    -0.00001    -0.00004    -0.00002    -0.00000    -0.00002     0.00000
XX   60  5950.00000    -0.00001    -0.00004    -0.00002    -0.00000    -0.00002    -0.00000
ZZ   61  6050.00000    -0.00001    -0.00004    -0.00002    -0.00000    -0.00002     0.00000
XX   61  6050.00000    -0.00001    -0.00004    -0.00002    -0.00000    -0.00002    -0.00000
ZZ   62  6150.00000    -0.00001    -0.00003    -0.00002    -0.00000    -0.00002     0.00000
XX   62  6150.00000    -0.00001    -0.00003    -0.00002    -0.00000    -0.00002    -0.00000
ZZ   63  6250.00000    -0.00001    -0.00003    -0.00002    -0.00000    -0.00002     0.00000
XX   63  6250.00000    -0.00001    -0.00003    -0.00002    -0.00000    -0.00002    -0.00000
ZZ   64  6350.00000    -0.00001    -0.00003    -0.00002    -0.00000    -0.00002     0.00000
XX   64  6350.00000    -0.00001    -0.00003    -0.00002    -0.00000    -0.00002    -0.00000
ZZ   65  6450.00000    -0.00001    -0.00003    -0.00002    -0.00000    -0.00002     0.00000
XX   65  6450.00000    -0.00001    -0.00003    -0.00002    -0.00000    -0.00001    -0.00000
ZZ   66  6550.00000    -0.00000    -0.00003    -0.00002    -0.00000    -0.00002     0.00000
XX   66  6550.00000    -0.00000    -0.00003    -0.00002    -0.00000    -0.00001    -0.00000
ZZ   67  6650.00000    -0.00000    -0.00002    -0.00002    -0.00000    -0.00002    -0.00000
XX   67  6650.00000    -0.00000    -0.00002    -0.00002    -0.00000    -0.00001    -0.00000
ZZ   68  6750.00000    -0.00000    -0.00002    -0.00001    -0.00000    -0.00001     0.00000
XX   68  6750.00000    -0.00000    -0.00002    -0.00001    -0.00000    -0.00001    -0.00000
ZZ   69  6850.00000    -0.00000    -0.00002    -0.00001    -0.00000    -0.00001     0.00000
XX   69  6850.00000    -0.00000    -0.00002    -0.00001    -0.00000    -0.00001    -0.00000
ZZ   70  6950.00000    -0.00000    -0.00002    -0.00001    -0.00000    -0.00001     0.00000
XX   70  6950.00000    -0.00000    -0.00002    -0.00001    -0.00000    -0.00001    -0.00000
ZZ   71  7050.00000    -0.00000    -0.00002    -0.00001    -0.00000    -0.00001     0.00000
XX   71  7050.00000    -0.00000    -0.00002    -0.00001    -0.00000    -0.00001    -0.00000
ZZ   72  7150.00000    -0.00001    -0.00010    -0.00005    -0.00001    -0.00005    -0.00000
XX   72  7150.00000    -0.00001    -0.00010    -0.00005    -0.00000    -0.00005     0.00000
