 LSZ IU   -15.2779    28.1882 -158.17 -160.48 -163.04   0.43   0.37   0.29
MACI IU    28.2502   -16.5082 -157.61 -150.39 -152.07   0.45   0.66   0.61
RCBR IU    -5.8274   -35.9014 -159.56 -159.43 -160.06   0.39   0.40   0.38
KMBO IU    -1.1271    37.2525 -160.96 -161.27 -162.06   0.35   0.35   0.32
TRIS IU   -37.0681   -12.3152 -153.71 -137.62 -136.29   0.56   1.03   1.06
FURI IU     8.8952    38.6798 -127.39 -125.40 -145.08   1.32   1.38   0.81
 PAB IU    39.5446    -4.3499 -150.82 -153.27 -149.22   0.65   0.58   0.69
ANTO IU    39.8680    32.7934 -154.52 -124.87 -147.03   0.54   1.39   0.75
GRFO IU    49.6909    11.2203 -153.62 -153.90 -153.12   0.57   0.56   0.58
KIEV IU    50.7012    29.2242 -158.80 -159.63 -161.90   0.42   0.39   0.33
 GNI IU    40.1480    44.7410 -166.39 -165.14 -165.11   0.20   0.23   0.23
KONO IU    59.6521     9.5946 -154.95 -158.19 -155.83   0.53   0.43   0.50
SAML IU    -8.9489   -63.1831 -160.84 -138.97 -123.22   0.36   0.99   1.44
 SJG IU    18.1091   -66.1500 -162.97 -159.75 -161.83   0.30   0.39   0.33
TRQA IU   -38.0568   -61.9787 -148.38 -147.67 -146.53   0.72   0.74   0.77
BBSR IU    32.3713   -64.6963 -162.91 -160.40 -160.25   0.30   0.37   0.37
 SDV IU     8.8839   -70.6340 -160.37 -159.58 -160.84   0.37   0.39   0.36
 KEV IU    69.7565    27.0035 -160.59 -160.65 -162.08   0.36   0.36   0.32
 LCO IU   -29.0110   -70.7005 -156.71 -153.32 -153.58   0.48   0.57   0.57
SFJD IU    66.9961   -50.6208 -156.74 -156.73 -157.67   0.48   0.48   0.45
 HRV IU    42.5064   -71.5583 -158.97 -159.68 -160.60   0.41   0.39   0.36
OTAV IU     0.2376   -78.4508 -147.62 -176.83 -164.46   0.74  -0.10   0.25
 KBS IU    78.9154    11.9385 -160.10 -164.50 -163.40   0.38   0.25   0.28
PMSA IU   -64.7744   -64.0489 -150.97 -148.76 -144.42   0.64   0.71   0.83
SSPA IU    40.6358   -77.8876 -160.16 -160.87 -160.62   0.38   0.36   0.36
DWPF IU    28.1103   -81.4327 -159.70 -160.37 -158.74   0.39   0.37   0.42
MAKZ IU    46.8080    81.9770 -155.91 -161.52 -163.20   0.50   0.34   0.29
 WCI IU    38.2289   -86.2939 -158.91 -157.81 -159.42   0.41   0.44   0.40
 WVT IU    36.1297   -87.8300 -158.77 -161.72 -160.48   0.42   0.33   0.37
TEIG IU    20.2263   -88.2763 -160.77 -161.57 -160.90   0.36   0.34   0.36
