    1    20.000  2.474E-01  5.846E-01 -1.288E-02 -2.536E-02 -1.075E+00 -8.374E-01  2.857E-03
    2    15.000  1.820E-01  3.732E-01 -8.230E-03 -1.470E-02 -8.755E-01 -6.819E-01  2.326E-03
    3    42.500  3.912E-01  4.866E-01 -3.336E-04  2.609E-04 -2.193E+00 -1.708E+00  5.826E-03
    4    42.500  1.806E-01  1.375E-02 -1.428E-04  2.966E-04 -1.016E+00 -7.915E-01  2.700E-03
    5    45.000  8.047E-02 -9.443E-02 -5.644E-05  2.176E-04 -4.588E-01 -3.574E-01  1.219E-03
    6    45.000  3.014E-02 -7.487E-02 -3.848E-05  1.611E-04 -1.722E-01 -1.341E-01  4.575E-04
    7    50.000  1.087E-02 -4.225E-02 -1.487E-05  8.039E-05 -6.232E-02 -4.855E-02  1.656E-04
    8    50.000  2.853E-03 -1.578E-02 -3.523E-06  2.548E-05 -1.668E-02 -1.299E-02  4.433E-05
    9    50.000  6.465E-04 -4.711E-03 -9.386E-07  8.612E-06 -3.849E-03 -2.998E-03  1.023E-05
   10    50.000  1.247E-04 -1.141E-03 -4.235E-07  4.354E-06 -7.560E-04 -5.888E-04  2.009E-06
   11    50.000  2.018E-05 -2.267E-04 -1.295E-08  1.667E-07 -1.300E-04 -1.012E-04  3.453E-07
   12    50.000  2.821E-06 -3.804E-05 -1.618E-09  2.457E-08 -1.854E-05 -1.444E-05  4.927E-08
   13    50.000  3.581E-07 -5.674E-06 -1.925E-10  3.418E-09 -2.401E-06 -1.870E-06  6.380E-09
   14    50.000  4.145E-08 -7.589E-07 -2.954E-11  6.134E-10 -2.834E-07 -2.208E-07  7.532E-10
   15    50.000  4.337E-09 -9.049E-08 -1.297E-11  2.890E-10 -3.023E-08 -2.355E-08  8.032E-11
   16    50.000  3.817E-10 -8.961E-09 -1.952E-13  4.924E-12 -2.870E-09 -2.236E-09  7.627E-12
   17    50.000  3.093E-11 -8.154E-10 -7.861E-15  2.212E-13 -2.374E-10 -1.849E-10  6.309E-13
   18    49.500  2.363E-12 -6.933E-11 -1.389E-16  4.382E-15 -1.836E-11 -1.430E-11  4.879E-14
   19    49.500  1.773E-13 -5.742E-12 -9.268E-18  3.204E-16 -1.386E-12 -1.079E-12  3.682E-15
   20    49.500  1.272E-14 -4.516E-13 -4.094E-19  1.546E-17 -9.996E-14 -7.786E-14  2.656E-16
   21    49.500  8.718E-16 -3.377E-14  7.450E-21 -2.904E-19 -6.893E-15 -5.369E-15  1.832E-17
   22    49.500  5.715E-17 -2.402E-15  2.540E-21 -1.104E-19 -4.544E-16 -3.539E-16  1.207E-18
   23    49.500  3.583E-18 -1.627E-16  1.861E-22 -8.736E-21 -2.863E-17 -2.230E-17  7.608E-20
   24    49.500  2.148E-19 -1.050E-17  1.290E-23 -6.511E-22 -1.725E-18 -1.344E-18  4.584E-21
   25    49.500  1.231E-20 -6.454E-19  8.460E-25 -4.575E-23 -9.936E-20 -7.739E-20  2.640E-22
   26    49.500  6.744E-22 -3.782E-20  4.981E-26 -2.877E-24 -5.470E-21 -4.261E-21  1.454E-23
   27    49.500  3.532E-23 -2.112E-21  2.834E-27 -1.743E-25 -2.879E-22 -2.242E-22  7.649E-25
   28    49.500  1.768E-24 -1.125E-22  1.527E-28 -9.977E-27 -1.447E-23 -1.127E-23  3.846E-26
   29    49.500  8.454E-26 -5.708E-24  7.801E-30 -5.401E-28 -6.952E-25 -5.415E-25  1.847E-27
   30    49.500  3.861E-27 -2.761E-25  3.744E-31 -2.742E-29 -3.189E-26 -2.484E-26  8.474E-29
   31    49.500  1.684E-28 -1.273E-26  1.712E-32 -1.323E-30 -1.397E-27 -1.088E-27  3.711E-30
   32    49.500  7.012E-30 -5.591E-28  7.369E-34 -6.002E-32 -5.838E-29 -4.547E-29  1.551E-31
   33    49.500  2.785E-31 -2.339E-29  2.982E-35 -2.555E-33 -2.328E-30 -1.813E-30  6.186E-33
   34    49.500  1.055E-32 -9.317E-31  1.142E-36 -1.028E-34 -8.852E-32 -6.895E-32  2.352E-34
   35    49.500  3.808E-34 -3.532E-32  4.085E-38 -3.851E-36 -3.208E-33 -2.498E-33  8.523E-36
   36    49.500  1.310E-35 -1.273E-33  0.000E+00  0.000E+00 -1.107E-34 -8.623E-35  2.942E-37
   37    49.500  4.287E-37 -4.366E-35  0.000E+00  0.000E+00 -3.637E-36 -2.833E-36  9.665E-39
   38    49.500  1.335E-38 -1.422E-36  0.000E+00  0.000E+00 -1.137E-37 -8.855E-38  3.021E-40
   39    49.500  3.955E-40 -4.401E-38  0.000E+00  0.000E+00 -3.378E-39 -2.631E-39  8.977E-42
   40    49.500  1.113E-41 -1.292E-39  0.000E+00  0.000E+00 -9.537E-41 -7.429E-41  2.536E-43
   41    49.500  2.957E-43 -3.608E-41  0.000E+00  0.000E+00 -2.548E-42 -1.986E-42  7.006E-45
   42    49.500  8.408E-45 -8.380E-43  0.000E+00  0.000E+00 -6.726E-44 -5.185E-44  0.000E+00
   43    49.500  0.000E+00  0.000E+00  0.000E+00  0.000E+00 -0.000E+00  0.000E+00  0.000E+00
   44    49.500  0.000E+00  0.000E+00  0.000E+00  0.000E+00 -0.000E+00  0.000E+00  0.000E+00
   45    49.500  0.000E+00  0.000E+00  0.000E+00  0.000E+00 -0.000E+00  0.000E+00  0.000E+00
   46    49.500  0.000E+00  0.000E+00  0.000E+00  0.000E+00 -0.000E+00  0.000E+00  0.000E+00
   47    49.500  0.000E+00  0.000E+00  0.000E+00  0.000E+00 -0.000E+00  0.000E+00  0.000E+00
   48    49.500  0.000E+00  0.000E+00  0.000E+00  0.000E+00 -0.000E+00  0.000E+00  0.000E+00
   49    49.500  0.000E+00  0.000E+00  0.000E+00  0.000E+00 -0.000E+00  0.000E+00  0.000E+00
   50    49.500  0.000E+00  0.000E+00  0.000E+00  0.000E+00 -0.000E+00  0.000E+00  0.000E+00
   51    49.500  0.000E+00  0.000E+00  0.000E+00  0.000E+00 -0.000E+00  0.000E+00  0.000E+00
   52    49.500  0.000E+00  0.000E+00  0.000E+00  0.000E+00 -0.000E+00  0.000E+00  0.000E+00
   53    49.500  0.000E+00  0.000E+00  0.000E+00  0.000E+00 -0.000E+00  0.000E+00  0.000E+00
   54    49.500  0.000E+00  0.000E+00  0.000E+00  0.000E+00 -0.000E+00  0.000E+00  0.000E+00
   55    48.500  0.000E+00  0.000E+00  0.000E+00  0.000E+00 -0.000E+00  0.000E+00  0.000E+00
   56    50.000  0.000E+00  0.000E+00  0.000E+00  0.000E+00 -0.000E+00  0.000E+00  0.000E+00
   57    50.000  0.000E+00  0.000E+00  0.000E+00  0.000E+00 -0.000E+00  0.000E+00  0.000E+00
   58    49.670  0.000E+00  0.000E+00  0.000E+00  0.000E+00 -0.000E+00  0.000E+00  0.000E+00
   59    49.660  0.000E+00  0.000E+00  0.000E+00  0.000E+00 -0.000E+00  0.000E+00  0.000E+00
   60    52.170  0.000E+00  0.000E+00  0.000E+00  0.000E+00 -0.000E+00  0.000E+00  0.000E+00
