    1    20.000  8.588E-02  4.297E-02  1.610E-01  6.040E-02 -6.183E-03 -1.356E-02 -6.228E-01 -1.867E-01 -4.779E-01 -1.433E-01  1.964E-03  5.888E-04
    2    15.000  4.362E-02  2.429E-02  6.381E-02  1.066E-01 -4.151E-03 -9.844E-03 -3.536E-01 -1.168E-01 -2.713E-01 -8.965E-02  1.115E-03  3.685E-04
    3    42.500  2.699E-02  2.315E-01  5.911E-03  5.972E-01 -4.448E-04 -8.669E-05 -2.707E-01 -1.297E+00 -2.077E-01 -9.955E-01  8.538E-04  4.092E-03
    4    42.500  2.808E-03  2.463E-01 -5.711E-03  1.903E-01 -1.842E-04  2.316E-04 -2.820E-02 -1.386E+00 -2.164E-02 -1.063E+00  8.895E-05  4.371E-03
    5    45.000  2.709E-04  1.145E-01 -1.191E-03 -1.246E-01 -3.222E-05  1.761E-04 -2.766E-03 -6.527E-01 -2.122E-03 -5.009E-01  8.723E-06  2.059E-03
    6    45.000  3.013E-05  3.573E-02 -2.043E-04 -1.066E-01 -3.263E-05  1.593E-04 -3.122E-04 -2.041E-01 -2.396E-04 -1.566E-01  9.847E-07  6.437E-04
    7    50.000  5.180E-06  9.410E-03 -4.410E-05 -4.619E-02 -1.038E-05  6.831E-05 -5.444E-05 -5.397E-02 -4.178E-05 -4.141E-02  1.717E-07  1.702E-04
    8    50.000  7.322E-07  1.690E-03 -7.500E-06 -1.193E-02 -1.730E-06  1.534E-05 -7.861E-06 -9.881E-03 -6.032E-06 -7.582E-03  2.479E-08  3.116E-05
    9    50.000  1.058E-07  2.656E-04 -1.320E-06 -2.467E-03 -3.208E-07  3.658E-06 -1.160E-06 -1.581E-03 -8.899E-07 -1.214E-03  3.658E-09  4.988E-06
   10    50.000  4.193E-08  3.654E-05 -5.993E-07 -4.241E-04 -1.156E-07  1.502E-06 -4.692E-07 -2.215E-04 -3.600E-07 -1.700E-04  1.480E-09  6.987E-07
   11    50.000  2.299E-09  3.855E-06 -3.643E-08 -5.424E-05 -2.560E-09  4.042E-08 -2.716E-08 -2.483E-05 -2.084E-08 -1.905E-05  8.567E-11  7.831E-08
   12    50.000  1.700E-10  4.181E-07 -3.202E-09 -6.982E-06 -2.541E-10  4.697E-09 -2.045E-09 -2.748E-06 -1.569E-09 -2.109E-06  6.449E-12  8.667E-09
   13    50.000  1.241E-11  4.032E-08 -2.708E-10 -7.853E-07 -2.320E-11  4.966E-10 -1.518E-10 -2.704E-07 -1.165E-10 -2.075E-07  4.788E-13  8.528E-10
   14    50.000  9.389E-13  3.511E-09 -2.358E-11 -7.857E-08 -2.420E-12  6.013E-11 -1.168E-11 -2.401E-08 -8.967E-12 -1.842E-08  3.685E-14  7.572E-11
   15    50.000  2.246E-13  2.772E-10 -6.361E-12 -7.037E-09 -7.446E-13  2.014E-11 -2.842E-12 -1.932E-09 -2.181E-12 -1.482E-09  8.964E-15  6.093E-12
   16    50.000  7.697E-15  1.693E-11 -2.332E-13 -4.809E-10 -1.094E-14  3.321E-13 -1.042E-13 -1.273E-10 -7.996E-14 -9.771E-11  3.286E-16  4.016E-13
   17    50.000  3.555E-16  1.080E-12 -1.198E-14 -3.423E-11 -4.574E-16  1.541E-14 -4.872E-15 -8.289E-12 -3.738E-15 -6.361E-12  1.536E-17  2.614E-14
   18    49.500  1.466E-17  6.431E-14 -5.461E-16 -2.258E-12 -1.666E-17  6.197E-16 -2.029E-16 -4.998E-13 -1.557E-16 -3.835E-13  6.398E-19  1.576E-15
   19    49.500  6.141E-19  3.729E-15 -2.518E-17 -1.440E-13 -9.255E-19  3.767E-17 -8.562E-18 -2.914E-14 -6.570E-18 -2.236E-14  2.700E-20  9.191E-17
   20    49.500  2.519E-20  2.034E-16 -1.128E-18 -8.587E-15 -4.626E-20  2.049E-18 -3.539E-19 -1.599E-15 -2.715E-19 -1.227E-15  1.116E-21  5.043E-18
   21    49.500  9.893E-22  1.049E-17 -4.804E-20 -4.814E-16 -1.972E-21  9.467E-20 -1.400E-20 -8.290E-17 -1.074E-20 -6.361E-17  4.416E-23  2.615E-19
   22    49.500  3.764E-23  5.126E-19 -1.973E-21 -2.548E-17 -7.877E-23  4.082E-21 -5.366E-22 -4.075E-18 -4.118E-22 -3.127E-18  1.692E-24  1.285E-20
   23    49.500  1.422E-24  2.380E-20 -8.017E-23 -1.275E-18 -3.458E-24  1.927E-22 -2.042E-23 -1.902E-19 -1.567E-23 -1.460E-19  6.439E-26  5.999E-22
   24    49.500  5.229E-26  1.050E-21 -3.157E-24 -6.043E-20 -1.433E-25  8.552E-24 -7.557E-25 -8.432E-21 -5.799E-25 -6.471E-21  2.384E-27  2.659E-23
   25    49.500  1.864E-27  4.402E-23 -1.201E-25 -2.713E-21 -5.605E-27  3.572E-25 -2.712E-26 -3.554E-22 -2.081E-26 -2.727E-22  8.553E-29  1.121E-24
   26    49.500  6.447E-29  1.757E-24 -4.423E-27 -1.156E-22 -2.125E-28  1.442E-26 -9.440E-28 -1.425E-23 -7.244E-28 -1.093E-23  2.977E-30  4.494E-26
   27    49.500  2.153E-30  6.672E-26 -1.568E-28 -4.672E-24 -7.578E-30  5.464E-28 -3.172E-29 -5.437E-25 -2.434E-29 -4.172E-25  1.001E-31  1.715E-27
   28    49.500  6.930E-32  2.412E-27 -5.345E-30 -1.794E-25 -2.566E-31  1.961E-29 -1.027E-30 -1.975E-26 -7.884E-31 -1.515E-26  3.240E-33  6.229E-29
   29    49.500  2.144E-33  8.303E-29 -1.748E-31 -6.541E-27 -8.249E-33  6.668E-31 -3.198E-32 -6.828E-28 -2.454E-32 -5.240E-28  1.009E-34  2.154E-30
   30    49.500  6.376E-35  2.721E-30 -5.481E-33 -2.266E-28 -2.536E-34  2.164E-32 -9.561E-34 -2.247E-29 -7.337E-34 -1.724E-29  3.015E-36  7.087E-32
   31    49.500  1.816E-36  8.487E-32 -1.644E-34 -7.459E-30 -7.378E-36  6.632E-34 -2.739E-35 -7.038E-31 -2.102E-35 -5.401E-31  8.640E-38  2.220E-33
   32    49.500  4.960E-38  2.519E-33 -4.719E-36 -2.332E-31 -2.002E-37  1.891E-35 -7.522E-37 -2.097E-32 -5.772E-37 -1.609E-32  2.372E-39  6.615E-35
   33    49.500 -5.755E-36  5.711E-35  5.597E-34 -5.560E-33  0.000E+00  0.000E+00  8.775E-35 -4.773E-34  6.734E-35 -3.663E-34 -2.768E-37  1.505E-36
   34    49.500  1.585E-37  9.602E-37 -1.619E-35 -9.814E-35  0.000E+00  0.000E+00 -2.429E-36 -8.056E-36 -1.864E-36 -6.182E-36  7.660E-39  2.541E-38
   35    49.500 -0.000E+00  2.448E-38  0.000E+00 -2.623E-36  0.000E+00  0.000E+00  0.000E+00 -2.061E-37  0.000E+00 -1.582E-37 -0.000E+00  6.501E-40
   36    49.500 -0.000E+00  5.926E-40  0.000E+00 -6.649E-38  0.000E+00  0.000E+00  0.000E+00 -5.009E-39  0.000E+00 -3.844E-39 -0.000E+00  1.580E-41
   37    49.500 -0.000E+00  0.000E+00  0.000E+00  0.000E+00  0.000E+00  0.000E+00  0.000E+00 -0.000E+00  0.000E+00  0.000E+00 -0.000E+00  0.000E+00
   38    49.500 -0.000E+00  0.000E+00  0.000E+00  0.000E+00  0.000E+00  0.000E+00  0.000E+00 -0.000E+00  0.000E+00  0.000E+00 -0.000E+00  0.000E+00
   39    49.500 -0.000E+00  0.000E+00  0.000E+00  0.000E+00  0.000E+00  0.000E+00  0.000E+00 -0.000E+00  0.000E+00  0.000E+00 -0.000E+00  0.000E+00
   40    49.500 -0.000E+00  0.000E+00  0.000E+00  0.000E+00  0.000E+00  0.000E+00  0.000E+00 -0.000E+00  0.000E+00  0.000E+00 -0.000E+00  0.000E+00
   41    49.500 -0.000E+00  0.000E+00  0.000E+00  0.000E+00  0.000E+00  0.000E+00  0.000E+00 -0.000E+00  0.000E+00  0.000E+00 -0.000E+00  0.000E+00
   42    49.500 -0.000E+00  0.000E+00  0.000E+00  0.000E+00  0.000E+00  0.000E+00  0.000E+00 -0.000E+00  0.000E+00  0.000E+00 -0.000E+00  0.000E+00
   43    49.500 -0.000E+00  0.000E+00  0.000E+00  0.000E+00  0.000E+00  0.000E+00  0.000E+00 -0.000E+00  0.000E+00  0.000E+00 -0.000E+00  0.000E+00
   44    49.500 -0.000E+00  0.000E+00  0.000E+00  0.000E+00  0.000E+00  0.000E+00  0.000E+00 -0.000E+00  0.000E+00  0.000E+00 -0.000E+00  0.000E+00
   45    49.500 -0.000E+00  0.000E+00  0.000E+00  0.000E+00  0.000E+00  0.000E+00  0.000E+00 -0.000E+00  0.000E+00  0.000E+00 -0.000E+00  0.000E+00
   46    49.500 -0.000E+00  0.000E+00  0.000E+00  0.000E+00  0.000E+00  0.000E+00  0.000E+00 -0.000E+00  0.000E+00  0.000E+00 -0.000E+00  0.000E+00
   47    49.500 -0.000E+00  0.000E+00  0.000E+00  0.000E+00  0.000E+00  0.000E+00  0.000E+00 -0.000E+00  0.000E+00  0.000E+00 -0.000E+00  0.000E+00
   48    49.500 -0.000E+00  0.000E+00  0.000E+00  0.000E+00  0.000E+00  0.000E+00  0.000E+00 -0.000E+00  0.000E+00  0.000E+00 -0.000E+00  0.000E+00
   49    49.500 -0.000E+00  0.000E+00  0.000E+00  0.000E+00  0.000E+00  0.000E+00  0.000E+00 -0.000E+00  0.000E+00  0.000E+00 -0.000E+00  0.000E+00
   50    49.500 -0.000E+00  0.000E+00  0.000E+00  0.000E+00  0.000E+00  0.000E+00  0.000E+00 -0.000E+00  0.000E+00  0.000E+00 -0.000E+00  0.000E+00
   51    49.500 -0.000E+00  0.000E+00  0.000E+00  0.000E+00  0.000E+00  0.000E+00  0.000E+00 -0.000E+00  0.000E+00  0.000E+00 -0.000E+00  0.000E+00
   52    49.500 -0.000E+00  0.000E+00  0.000E+00  0.000E+00  0.000E+00  0.000E+00  0.000E+00 -0.000E+00  0.000E+00  0.000E+00 -0.000E+00  0.000E+00
   53    49.500 -0.000E+00  0.000E+00  0.000E+00  0.000E+00  0.000E+00  0.000E+00  0.000E+00 -0.000E+00  0.000E+00  0.000E+00 -0.000E+00  0.000E+00
   54    49.500 -0.000E+00  0.000E+00  0.000E+00  0.000E+00  0.000E+00  0.000E+00  0.000E+00 -0.000E+00  0.000E+00  0.000E+00 -0.000E+00  0.000E+00
   55    48.500 -0.000E+00  0.000E+00  0.000E+00  0.000E+00  0.000E+00  0.000E+00  0.000E+00 -0.000E+00  0.000E+00  0.000E+00 -0.000E+00  0.000E+00
   56    50.000 -0.000E+00  0.000E+00  0.000E+00  0.000E+00  0.000E+00  0.000E+00  0.000E+00 -0.000E+00  0.000E+00  0.000E+00 -0.000E+00  0.000E+00
   57    50.000 -0.000E+00  0.000E+00  0.000E+00  0.000E+00  0.000E+00  0.000E+00  0.000E+00 -0.000E+00  0.000E+00  0.000E+00 -0.000E+00  0.000E+00
   58    49.670 -0.000E+00  0.000E+00  0.000E+00  0.000E+00  0.000E+00  0.000E+00  0.000E+00 -0.000E+00  0.000E+00  0.000E+00 -0.000E+00  0.000E+00
   59    49.660 -0.000E+00  0.000E+00  0.000E+00  0.000E+00  0.000E+00  0.000E+00  0.000E+00 -0.000E+00  0.000E+00  0.000E+00 -0.000E+00  0.000E+00
   60    52.170 -0.000E+00  0.000E+00  0.000E+00  0.000E+00  0.000E+00  0.000E+00  0.000E+00 -0.000E+00  0.000E+00  0.000E+00 -0.000E+00  0.000E+00
