___________________________________________________________________________________________
Elastic  Love wave:     Period=    50.000 Mode =    0 C=     4.358 U=     3.985
LAYER    THICK     dc/db      dU/db      dc/dh      dU/dh
    1    20.000  2.495E-01  5.855E-01 -1.288E-02 -2.536E-02
    2    15.000  1.826E-01  3.732E-01 -8.230E-03 -1.470E-02
    3    42.500  3.926E-01  4.875E-01 -3.336E-04  2.609E-04
    4    42.500  1.815E-01  1.478E-02 -1.428E-04  2.966E-04
    5    45.000  8.180E-02 -9.306E-02 -5.644E-05  2.176E-04
    6    45.000  3.063E-02 -7.429E-02 -3.848E-05  1.611E-04
    7    50.000  1.097E-02 -4.207E-02 -1.487E-05  8.039E-05
    8    50.000  2.879E-03 -1.573E-02 -3.523E-06  2.548E-05
    9    50.000  6.522E-04 -4.696E-03 -9.386E-07  8.612E-06
   10    50.000  1.258E-04 -1.137E-03 -4.235E-07  4.354E-06
   11    50.000  2.033E-05 -2.261E-04 -1.295E-08  1.667E-07
   12    50.000  2.842E-06 -3.794E-05 -1.618E-09  2.457E-08
   13    50.000  3.608E-07 -5.660E-06 -1.925E-10  3.418E-09
   14    50.000  4.176E-08 -7.571E-07 -2.954E-11  6.134E-10
   15    50.000  4.368E-09 -9.028E-08 -1.297E-11  2.890E-10
   16    50.000  3.826E-10 -8.942E-09 -1.952E-13  4.924E-12
   17    50.000  3.101E-11 -8.137E-10 -7.861E-15  2.212E-13
   18    49.500  2.368E-12 -6.918E-11 -1.389E-16  4.382E-15
   19    49.500  1.777E-13 -5.730E-12 -9.268E-18  3.204E-16
   20    49.500  1.275E-14 -4.507E-13 -4.094E-19  1.546E-17
   21    49.500  8.739E-16 -3.370E-14  7.450E-21 -2.904E-19
   22    49.500  5.729E-17 -2.397E-15  2.540E-21 -1.104E-19
   23    49.500  3.592E-18 -1.624E-16  1.861E-22 -8.736E-21
   24    49.500  2.153E-19 -1.048E-17  1.290E-23 -6.511E-22
   25    49.500  1.234E-20 -6.441E-19  8.460E-25 -4.575E-23
   26    49.500  6.761E-22 -3.774E-20  4.981E-26 -2.877E-24
   27    49.500  3.541E-23 -2.108E-21  2.834E-27 -1.743E-25
   28    49.500  1.772E-24 -1.122E-22  1.527E-28 -9.977E-27
   29    49.500  8.476E-26 -5.696E-24  7.801E-30 -5.401E-28
   30    49.500  3.872E-27 -2.756E-25  3.744E-31 -2.742E-29
   31    49.500  1.689E-28 -1.270E-26  1.712E-32 -1.323E-30
   32    49.500  7.031E-30 -5.580E-28  7.369E-34 -6.002E-32
   33    49.500  2.793E-31 -2.334E-29  2.982E-35 -2.555E-33
   34    49.500  1.058E-32 -9.298E-31  1.142E-36 -1.028E-34
   35    49.500  3.819E-34 -3.525E-32  4.085E-38 -3.851E-36
   36    49.500  1.313E-35 -1.271E-33  0.000E+00  0.000E+00
   37    49.500  4.299E-37 -4.357E-35  0.000E+00  0.000E+00
   38    49.500  1.339E-38 -1.420E-36  0.000E+00  0.000E+00
   39    49.500  3.966E-40 -4.392E-38  0.000E+00  0.000E+00
   40    49.500  1.116E-41 -1.290E-39  0.000E+00  0.000E+00
   41    49.500  2.971E-43 -3.600E-41  0.000E+00  0.000E+00
   42    49.500  8.408E-45 -8.366E-43  0.000E+00  0.000E+00
   43    49.500  0.000E+00  0.000E+00  0.000E+00  0.000E+00
   44    49.500  0.000E+00  0.000E+00  0.000E+00  0.000E+00
   45    49.500  0.000E+00  0.000E+00  0.000E+00  0.000E+00
   46    49.500  0.000E+00  0.000E+00  0.000E+00  0.000E+00
   47    49.500  0.000E+00  0.000E+00  0.000E+00  0.000E+00
   48    49.500  0.000E+00  0.000E+00  0.000E+00  0.000E+00
   49    49.500  0.000E+00  0.000E+00  0.000E+00  0.000E+00
   50    49.500  0.000E+00  0.000E+00  0.000E+00  0.000E+00
   51    49.500  0.000E+00  0.000E+00  0.000E+00  0.000E+00
   52    49.500  0.000E+00  0.000E+00  0.000E+00  0.000E+00
   53    49.500  0.000E+00  0.000E+00  0.000E+00  0.000E+00
   54    49.500  0.000E+00  0.000E+00  0.000E+00  0.000E+00
   55    48.500  0.000E+00  0.000E+00  0.000E+00  0.000E+00
   56    50.000  0.000E+00  0.000E+00  0.000E+00  0.000E+00
   57    50.000  0.000E+00  0.000E+00  0.000E+00  0.000E+00
   58    49.670  0.000E+00  0.000E+00  0.000E+00  0.000E+00
   59    49.660  0.000E+00  0.000E+00  0.000E+00  0.000E+00
   60    52.170  0.000E+00  0.000E+00  0.000E+00  0.000E+00
___________________________________________________________________________________________
Anelastic Love wave:     Period=    50.000 Mode =    0 C=     4.329 U=     3.962 GAMMA=  7.659E-05
LAYER    THICK     dc/db      dU/db      dc/dh      dU/dh     dc/dQbi    dU/dQbi    dg/dQbi
    1    20.000  2.474E-01  5.846E-01 -1.288E-02 -2.536E-02 -1.075E+00 -8.374E-01  2.857E-03
    2    15.000  1.820E-01  3.732E-01 -8.230E-03 -1.470E-02 -8.755E-01 -6.819E-01  2.326E-03
    3    42.500  3.912E-01  4.866E-01 -3.336E-04  2.609E-04 -2.193E+00 -1.708E+00  5.826E-03
    4    42.500  1.806E-01  1.375E-02 -1.428E-04  2.966E-04 -1.016E+00 -7.915E-01  2.700E-03
    5    45.000  8.047E-02 -9.443E-02 -5.644E-05  2.176E-04 -4.588E-01 -3.574E-01  1.219E-03
    6    45.000  3.014E-02 -7.487E-02 -3.848E-05  1.611E-04 -1.722E-01 -1.341E-01  4.575E-04
    7    50.000  1.087E-02 -4.225E-02 -1.487E-05  8.039E-05 -6.232E-02 -4.855E-02  1.656E-04
    8    50.000  2.853E-03 -1.578E-02 -3.523E-06  2.548E-05 -1.668E-02 -1.299E-02  4.433E-05
    9    50.000  6.465E-04 -4.711E-03 -9.386E-07  8.612E-06 -3.849E-03 -2.998E-03  1.023E-05
   10    50.000  1.247E-04 -1.141E-03 -4.235E-07  4.354E-06 -7.560E-04 -5.888E-04  2.009E-06
   11    50.000  2.018E-05 -2.267E-04 -1.295E-08  1.667E-07 -1.300E-04 -1.012E-04  3.453E-07
   12    50.000  2.821E-06 -3.804E-05 -1.618E-09  2.457E-08 -1.854E-05 -1.444E-05  4.927E-08
   13    50.000  3.581E-07 -5.674E-06 -1.925E-10  3.418E-09 -2.401E-06 -1.870E-06  6.380E-09
   14    50.000  4.145E-08 -7.589E-07 -2.954E-11  6.134E-10 -2.834E-07 -2.208E-07  7.532E-10
   15    50.000  4.337E-09 -9.049E-08 -1.297E-11  2.890E-10 -3.023E-08 -2.355E-08  8.032E-11
   16    50.000  3.817E-10 -8.961E-09 -1.952E-13  4.924E-12 -2.870E-09 -2.236E-09  7.627E-12
   17    50.000  3.093E-11 -8.154E-10 -7.861E-15  2.212E-13 -2.374E-10 -1.849E-10  6.309E-13
   18    49.500  2.363E-12 -6.933E-11 -1.389E-16  4.382E-15 -1.836E-11 -1.430E-11  4.879E-14
   19    49.500  1.773E-13 -5.742E-12 -9.268E-18  3.204E-16 -1.386E-12 -1.079E-12  3.682E-15
   20    49.500  1.272E-14 -4.516E-13 -4.094E-19  1.546E-17 -9.996E-14 -7.786E-14  2.656E-16
   21    49.500  8.718E-16 -3.377E-14  7.450E-21 -2.904E-19 -6.893E-15 -5.369E-15  1.832E-17
   22    49.500  5.715E-17 -2.402E-15  2.540E-21 -1.104E-19 -4.544E-16 -3.539E-16  1.207E-18
   23    49.500  3.583E-18 -1.627E-16  1.861E-22 -8.736E-21 -2.863E-17 -2.230E-17  7.608E-20
   24    49.500  2.148E-19 -1.050E-17  1.290E-23 -6.511E-22 -1.725E-18 -1.344E-18  4.584E-21
   25    49.500  1.231E-20 -6.454E-19  8.460E-25 -4.575E-23 -9.936E-20 -7.739E-20  2.640E-22
   26    49.500  6.744E-22 -3.782E-20  4.981E-26 -2.877E-24 -5.470E-21 -4.261E-21  1.454E-23
   27    49.500  3.532E-23 -2.112E-21  2.834E-27 -1.743E-25 -2.879E-22 -2.242E-22  7.649E-25
   28    49.500  1.768E-24 -1.125E-22  1.527E-28 -9.977E-27 -1.447E-23 -1.127E-23  3.846E-26
   29    49.500  8.454E-26 -5.708E-24  7.801E-30 -5.401E-28 -6.952E-25 -5.415E-25  1.847E-27
   30    49.500  3.861E-27 -2.761E-25  3.744E-31 -2.742E-29 -3.189E-26 -2.484E-26  8.474E-29
   31    49.500  1.684E-28 -1.273E-26  1.712E-32 -1.323E-30 -1.397E-27 -1.088E-27  3.711E-30
   32    49.500  7.012E-30 -5.591E-28  7.369E-34 -6.002E-32 -5.838E-29 -4.547E-29  1.551E-31
   33    49.500  2.785E-31 -2.339E-29  2.982E-35 -2.555E-33 -2.328E-30 -1.813E-30  6.186E-33
   34    49.500  1.055E-32 -9.317E-31  1.142E-36 -1.028E-34 -8.852E-32 -6.895E-32  2.352E-34
   35    49.500  3.808E-34 -3.532E-32  4.085E-38 -3.851E-36 -3.208E-33 -2.498E-33  8.523E-36
   36    49.500  1.310E-35 -1.273E-33  0.000E+00  0.000E+00 -1.107E-34 -8.623E-35  2.942E-37
   37    49.500  4.287E-37 -4.366E-35  0.000E+00  0.000E+00 -3.637E-36 -2.833E-36  9.665E-39
   38    49.500  1.335E-38 -1.422E-36  0.000E+00  0.000E+00 -1.137E-37 -8.855E-38  3.021E-40
   39    49.500  3.955E-40 -4.401E-38  0.000E+00  0.000E+00 -3.378E-39 -2.631E-39  8.977E-42
   40    49.500  1.113E-41 -1.292E-39  0.000E+00  0.000E+00 -9.537E-41 -7.429E-41  2.536E-43
   41    49.500  2.957E-43 -3.608E-41  0.000E+00  0.000E+00 -2.548E-42 -1.986E-42  7.006E-45
   42    49.500  8.408E-45 -8.380E-43  0.000E+00  0.000E+00 -6.726E-44 -5.185E-44  0.000E+00
   43    49.500  0.000E+00  0.000E+00  0.000E+00  0.000E+00 -0.000E+00  0.000E+00  0.000E+00
   44    49.500  0.000E+00  0.000E+00  0.000E+00  0.000E+00 -0.000E+00  0.000E+00  0.000E+00
   45    49.500  0.000E+00  0.000E+00  0.000E+00  0.000E+00 -0.000E+00  0.000E+00  0.000E+00
   46    49.500  0.000E+00  0.000E+00  0.000E+00  0.000E+00 -0.000E+00  0.000E+00  0.000E+00
   47    49.500  0.000E+00  0.000E+00  0.000E+00  0.000E+00 -0.000E+00  0.000E+00  0.000E+00
   48    49.500  0.000E+00  0.000E+00  0.000E+00  0.000E+00 -0.000E+00  0.000E+00  0.000E+00
   49    49.500  0.000E+00  0.000E+00  0.000E+00  0.000E+00 -0.000E+00  0.000E+00  0.000E+00
   50    49.500  0.000E+00  0.000E+00  0.000E+00  0.000E+00 -0.000E+00  0.000E+00  0.000E+00
   51    49.500  0.000E+00  0.000E+00  0.000E+00  0.000E+00 -0.000E+00  0.000E+00  0.000E+00
   52    49.500  0.000E+00  0.000E+00  0.000E+00  0.000E+00 -0.000E+00  0.000E+00  0.000E+00
   53    49.500  0.000E+00  0.000E+00  0.000E+00  0.000E+00 -0.000E+00  0.000E+00  0.000E+00
   54    49.500  0.000E+00  0.000E+00  0.000E+00  0.000E+00 -0.000E+00  0.000E+00  0.000E+00
   55    48.500  0.000E+00  0.000E+00  0.000E+00  0.000E+00 -0.000E+00  0.000E+00  0.000E+00
   56    50.000  0.000E+00  0.000E+00  0.000E+00  0.000E+00 -0.000E+00  0.000E+00  0.000E+00
   57    50.000  0.000E+00  0.000E+00  0.000E+00  0.000E+00 -0.000E+00  0.000E+00  0.000E+00
   58    49.670  0.000E+00  0.000E+00  0.000E+00  0.000E+00 -0.000E+00  0.000E+00  0.000E+00
   59    49.660  0.000E+00  0.000E+00  0.000E+00  0.000E+00 -0.000E+00  0.000E+00  0.000E+00
   60    52.170  0.000E+00  0.000E+00  0.000E+00  0.000E+00 -0.000E+00  0.000E+00  0.000E+00
___________________________________________________________________________________________
Elastic  Rayleigh wave: Period=    50.000 Mode =    0 C=     4.000 U=     3.794
LAYER    THICK     dc/da      dc/db      dU/da      dU/db      dC/dh      dU/dh
    1    20.000  8.623E-02  4.333E-02  1.611E-01  6.063E-02 -6.183E-03 -1.356E-02
    2    15.000  4.368E-02  2.437E-02  6.381E-02  1.065E-01 -4.151E-03 -9.844E-03
    3    42.500  2.703E-02  2.323E-01  5.992E-03  5.969E-01 -4.448E-04 -8.669E-05
    4    42.500  2.814E-03  2.476E-01 -5.686E-03  1.914E-01 -1.842E-04  2.316E-04
    5    45.000  2.738E-04  1.164E-01 -1.185E-03 -1.226E-01 -3.222E-05  1.761E-04
    6    45.000  3.044E-05  3.631E-02 -2.035E-04 -1.058E-01 -3.263E-05  1.593E-04
    7    50.000  5.211E-06  9.498E-03 -4.396E-05 -4.599E-02 -1.038E-05  6.831E-05
    8    50.000  7.364E-07  1.705E-03 -7.477E-06 -1.189E-02 -1.730E-06  1.534E-05
    9    50.000  1.064E-07  2.680E-04 -1.316E-06 -2.458E-03 -3.208E-07  3.658E-06
   10    50.000  4.215E-08  3.686E-05 -5.976E-07 -4.227E-04 -1.156E-07  1.502E-06
   11    50.000  2.310E-09  3.885E-06 -3.633E-08 -5.408E-05 -2.560E-09  4.042E-08
   12    50.000  1.709E-10  4.213E-07 -3.193E-09 -6.962E-06 -2.541E-10  4.697E-09
   13    50.000  1.247E-11  4.062E-08 -2.701E-10 -7.831E-07 -2.320E-11  4.966E-10
   14    50.000  9.433E-13  3.537E-09 -2.352E-11 -7.835E-08 -2.420E-12  6.013E-11
   15    50.000  2.256E-13  2.792E-10 -6.344E-12 -7.017E-09 -7.446E-13  2.014E-11
   16    50.000  7.708E-15  1.697E-11 -2.326E-13 -4.797E-10 -1.094E-14  3.321E-13
   17    50.000  3.560E-16  1.083E-12 -1.195E-14 -3.415E-11 -4.574E-16  1.541E-14
   18    49.500  1.468E-17  6.446E-14 -5.447E-16 -2.253E-12 -1.666E-17  6.197E-16
   19    49.500  6.151E-19  3.738E-15 -2.511E-17 -1.436E-13 -9.255E-19  3.767E-17
   20    49.500  2.523E-20  2.039E-16 -1.125E-18 -8.565E-15 -4.626E-20  2.049E-18
   21    49.500  9.909E-22  1.051E-17 -4.792E-20 -4.802E-16 -1.972E-21  9.467E-20
   22    49.500  3.770E-23  5.138E-19 -1.968E-21 -2.541E-17 -7.877E-23  4.082E-21
   23    49.500  1.425E-24  2.386E-20 -7.997E-23 -1.272E-18 -3.458E-24  1.927E-22
   24    49.500  5.237E-26  1.052E-21 -3.149E-24 -6.027E-20 -1.433E-25  8.552E-24
   25    49.500  1.867E-27  4.413E-23 -1.198E-25 -2.706E-21 -5.605E-27  3.572E-25
   26    49.500  6.457E-29  1.761E-24 -4.412E-27 -1.153E-22 -2.125E-28  1.442E-26
   27    49.500  2.157E-30  6.689E-26 -1.564E-28 -4.660E-24 -7.578E-30  5.464E-28
   28    49.500  6.942E-32  2.418E-27 -5.331E-30 -1.789E-25 -2.566E-31  1.961E-29
   29    49.500  2.148E-33  8.325E-29 -1.743E-31 -6.525E-27 -8.249E-33  6.668E-31
   30    49.500  6.386E-35  2.728E-30 -5.467E-33 -2.261E-28 -2.536E-34  2.164E-32
   31    49.500  1.820E-36  8.510E-32 -1.640E-34 -7.441E-30 -7.378E-36  6.632E-34
   32    49.500  4.968E-38  2.526E-33 -4.708E-36 -2.326E-31 -2.002E-37  1.891E-35
   33    49.500 -5.765E-36  5.726E-35  5.583E-34 -5.546E-33  0.000E+00  0.000E+00
   34    49.500  1.587E-37  9.628E-37 -1.615E-35 -9.790E-35  0.000E+00  0.000E+00
   35    49.500 -0.000E+00  2.454E-38  0.000E+00 -2.616E-36  0.000E+00  0.000E+00
   36    49.500 -0.000E+00  5.942E-40  0.000E+00 -6.632E-38  0.000E+00  0.000E+00
   37    49.500 -0.000E+00  0.000E+00  0.000E+00  0.000E+00  0.000E+00  0.000E+00
   38    49.500 -0.000E+00  0.000E+00  0.000E+00  0.000E+00  0.000E+00  0.000E+00
   39    49.500 -0.000E+00  0.000E+00  0.000E+00  0.000E+00  0.000E+00  0.000E+00
   40    49.500 -0.000E+00  0.000E+00  0.000E+00  0.000E+00  0.000E+00  0.000E+00
   41    49.500 -0.000E+00  0.000E+00  0.000E+00  0.000E+00  0.000E+00  0.000E+00
   42    49.500 -0.000E+00  0.000E+00  0.000E+00  0.000E+00  0.000E+00  0.000E+00
   43    49.500 -0.000E+00  0.000E+00  0.000E+00  0.000E+00  0.000E+00  0.000E+00
   44    49.500 -0.000E+00  0.000E+00  0.000E+00  0.000E+00  0.000E+00  0.000E+00
   45    49.500 -0.000E+00  0.000E+00  0.000E+00  0.000E+00  0.000E+00  0.000E+00
   46    49.500 -0.000E+00  0.000E+00  0.000E+00  0.000E+00  0.000E+00  0.000E+00
   47    49.500 -0.000E+00  0.000E+00  0.000E+00  0.000E+00  0.000E+00  0.000E+00
   48    49.500 -0.000E+00  0.000E+00  0.000E+00  0.000E+00  0.000E+00  0.000E+00
   49    49.500 -0.000E+00  0.000E+00  0.000E+00  0.000E+00  0.000E+00  0.000E+00
   50    49.500 -0.000E+00  0.000E+00  0.000E+00  0.000E+00  0.000E+00  0.000E+00
   51    49.500 -0.000E+00  0.000E+00  0.000E+00  0.000E+00  0.000E+00  0.000E+00
   52    49.500 -0.000E+00  0.000E+00  0.000E+00  0.000E+00  0.000E+00  0.000E+00
   53    49.500 -0.000E+00  0.000E+00  0.000E+00  0.000E+00  0.000E+00  0.000E+00
   54    49.500 -0.000E+00  0.000E+00  0.000E+00  0.000E+00  0.000E+00  0.000E+00
   55    48.500 -0.000E+00  0.000E+00  0.000E+00  0.000E+00  0.000E+00  0.000E+00
   56    50.000 -0.000E+00  0.000E+00  0.000E+00  0.000E+00  0.000E+00  0.000E+00
   57    50.000 -0.000E+00  0.000E+00  0.000E+00  0.000E+00  0.000E+00  0.000E+00
   58    49.670 -0.000E+00  0.000E+00  0.000E+00  0.000E+00  0.000E+00  0.000E+00
   59    49.660 -0.000E+00  0.000E+00  0.000E+00  0.000E+00  0.000E+00  0.000E+00
   60    52.170 -0.000E+00  0.000E+00  0.000E+00  0.000E+00  0.000E+00  0.000E+00
___________________________________________________________________________________________
Anelastic Rayleigh wave: Period=    50.000 Mode =    0 C=     3.974 U=     3.774 GAMMA=  8.080E-05
LAYER    THICK     dc/da      dc/db      dU/da      dU/db      dc/dh      dU/dh     dc/dQai    dc/dQbi    dU/dQai    dU/dQbi    dg/dQai    dg/dQbi
    1    20.000  8.588E-02  4.297E-02  1.610E-01  6.040E-02 -6.183E-03 -1.356E-02 -6.228E-01 -1.867E-01 -4.779E-01 -1.433E-01  1.964E-03  5.888E-04
    2    15.000  4.362E-02  2.429E-02  6.381E-02  1.066E-01 -4.151E-03 -9.844E-03 -3.536E-01 -1.168E-01 -2.713E-01 -8.965E-02  1.115E-03  3.685E-04
    3    42.500  2.699E-02  2.315E-01  5.911E-03  5.972E-01 -4.448E-04 -8.669E-05 -2.707E-01 -1.297E+00 -2.077E-01 -9.955E-01  8.538E-04  4.092E-03
    4    42.500  2.808E-03  2.463E-01 -5.711E-03  1.903E-01 -1.842E-04  2.316E-04 -2.820E-02 -1.386E+00 -2.164E-02 -1.063E+00  8.895E-05  4.371E-03
    5    45.000  2.709E-04  1.145E-01 -1.191E-03 -1.246E-01 -3.222E-05  1.761E-04 -2.766E-03 -6.527E-01 -2.122E-03 -5.009E-01  8.723E-06  2.059E-03
    6    45.000  3.013E-05  3.573E-02 -2.043E-04 -1.066E-01 -3.263E-05  1.593E-04 -3.122E-04 -2.041E-01 -2.396E-04 -1.566E-01  9.847E-07  6.437E-04
    7    50.000  5.180E-06  9.410E-03 -4.410E-05 -4.619E-02 -1.038E-05  6.831E-05 -5.444E-05 -5.397E-02 -4.178E-05 -4.141E-02  1.717E-07  1.702E-04
    8    50.000  7.322E-07  1.690E-03 -7.500E-06 -1.193E-02 -1.730E-06  1.534E-05 -7.861E-06 -9.881E-03 -6.032E-06 -7.582E-03  2.479E-08  3.116E-05
    9    50.000  1.058E-07  2.656E-04 -1.320E-06 -2.467E-03 -3.208E-07  3.658E-06 -1.160E-06 -1.581E-03 -8.899E-07 -1.214E-03  3.658E-09  4.988E-06
   10    50.000  4.193E-08  3.654E-05 -5.993E-07 -4.241E-04 -1.156E-07  1.502E-06 -4.692E-07 -2.215E-04 -3.600E-07 -1.700E-04  1.480E-09  6.987E-07
   11    50.000  2.299E-09  3.855E-06 -3.643E-08 -5.424E-05 -2.560E-09  4.042E-08 -2.716E-08 -2.483E-05 -2.084E-08 -1.905E-05  8.567E-11  7.831E-08
   12    50.000  1.700E-10  4.181E-07 -3.202E-09 -6.982E-06 -2.541E-10  4.697E-09 -2.045E-09 -2.748E-06 -1.569E-09 -2.109E-06  6.449E-12  8.667E-09
   13    50.000  1.241E-11  4.032E-08 -2.708E-10 -7.853E-07 -2.320E-11  4.966E-10 -1.518E-10 -2.704E-07 -1.165E-10 -2.075E-07  4.788E-13  8.528E-10
   14    50.000  9.389E-13  3.511E-09 -2.358E-11 -7.857E-08 -2.420E-12  6.013E-11 -1.168E-11 -2.401E-08 -8.967E-12 -1.842E-08  3.685E-14  7.572E-11
   15    50.000  2.246E-13  2.772E-10 -6.361E-12 -7.037E-09 -7.446E-13  2.014E-11 -2.842E-12 -1.932E-09 -2.181E-12 -1.482E-09  8.964E-15  6.093E-12
   16    50.000  7.697E-15  1.693E-11 -2.332E-13 -4.809E-10 -1.094E-14  3.321E-13 -1.042E-13 -1.273E-10 -7.996E-14 -9.771E-11  3.286E-16  4.016E-13
   17    50.000  3.555E-16  1.080E-12 -1.198E-14 -3.423E-11 -4.574E-16  1.541E-14 -4.872E-15 -8.289E-12 -3.738E-15 -6.361E-12  1.536E-17  2.614E-14
   18    49.500  1.466E-17  6.431E-14 -5.461E-16 -2.258E-12 -1.666E-17  6.197E-16 -2.029E-16 -4.998E-13 -1.557E-16 -3.835E-13  6.398E-19  1.576E-15
   19    49.500  6.141E-19  3.729E-15 -2.518E-17 -1.440E-13 -9.255E-19  3.767E-17 -8.562E-18 -2.914E-14 -6.570E-18 -2.236E-14  2.700E-20  9.191E-17
   20    49.500  2.519E-20  2.034E-16 -1.128E-18 -8.587E-15 -4.626E-20  2.049E-18 -3.539E-19 -1.599E-15 -2.715E-19 -1.227E-15  1.116E-21  5.043E-18
   21    49.500  9.893E-22  1.049E-17 -4.804E-20 -4.814E-16 -1.972E-21  9.467E-20 -1.400E-20 -8.290E-17 -1.074E-20 -6.361E-17  4.416E-23  2.615E-19
   22    49.500  3.764E-23  5.126E-19 -1.973E-21 -2.548E-17 -7.877E-23  4.082E-21 -5.366E-22 -4.075E-18 -4.118E-22 -3.127E-18  1.692E-24  1.285E-20
   23    49.500  1.422E-24  2.380E-20 -8.017E-23 -1.275E-18 -3.458E-24  1.927E-22 -2.042E-23 -1.902E-19 -1.567E-23 -1.460E-19  6.439E-26  5.999E-22
   24    49.500  5.229E-26  1.050E-21 -3.157E-24 -6.043E-20 -1.433E-25  8.552E-24 -7.557E-25 -8.432E-21 -5.799E-25 -6.471E-21  2.384E-27  2.659E-23
   25    49.500  1.864E-27  4.402E-23 -1.201E-25 -2.713E-21 -5.605E-27  3.572E-25 -2.712E-26 -3.554E-22 -2.081E-26 -2.727E-22  8.553E-29  1.121E-24
   26    49.500  6.447E-29  1.757E-24 -4.423E-27 -1.156E-22 -2.125E-28  1.442E-26 -9.440E-28 -1.425E-23 -7.244E-28 -1.093E-23  2.977E-30  4.494E-26
   27    49.500  2.153E-30  6.672E-26 -1.568E-28 -4.672E-24 -7.578E-30  5.464E-28 -3.172E-29 -5.437E-25 -2.434E-29 -4.172E-25  1.001E-31  1.715E-27
   28    49.500  6.930E-32  2.412E-27 -5.345E-30 -1.794E-25 -2.566E-31  1.961E-29 -1.027E-30 -1.975E-26 -7.884E-31 -1.515E-26  3.240E-33  6.229E-29
   29    49.500  2.144E-33  8.303E-29 -1.748E-31 -6.541E-27 -8.249E-33  6.668E-31 -3.198E-32 -6.828E-28 -2.454E-32 -5.240E-28  1.009E-34  2.154E-30
   30    49.500  6.376E-35  2.721E-30 -5.481E-33 -2.266E-28 -2.536E-34  2.164E-32 -9.561E-34 -2.247E-29 -7.337E-34 -1.724E-29  3.015E-36  7.087E-32
   31    49.500  1.816E-36  8.487E-32 -1.644E-34 -7.459E-30 -7.378E-36  6.632E-34 -2.739E-35 -7.038E-31 -2.102E-35 -5.401E-31  8.640E-38  2.220E-33
   32    49.500  4.960E-38  2.519E-33 -4.719E-36 -2.332E-31 -2.002E-37  1.891E-35 -7.522E-37 -2.097E-32 -5.772E-37 -1.609E-32  2.372E-39  6.615E-35
   33    49.500 -5.755E-36  5.711E-35  5.597E-34 -5.560E-33  0.000E+00  0.000E+00  8.775E-35 -4.773E-34  6.734E-35 -3.663E-34 -2.768E-37  1.505E-36
   34    49.500  1.585E-37  9.602E-37 -1.619E-35 -9.814E-35  0.000E+00  0.000E+00 -2.429E-36 -8.056E-36 -1.864E-36 -6.182E-36  7.660E-39  2.541E-38
   35    49.500 -0.000E+00  2.448E-38  0.000E+00 -2.623E-36  0.000E+00  0.000E+00  0.000E+00 -2.061E-37  0.000E+00 -1.582E-37 -0.000E+00  6.501E-40
   36    49.500 -0.000E+00  5.926E-40  0.000E+00 -6.649E-38  0.000E+00  0.000E+00  0.000E+00 -5.009E-39  0.000E+00 -3.844E-39 -0.000E+00  1.580E-41
   37    49.500 -0.000E+00  0.000E+00  0.000E+00  0.000E+00  0.000E+00  0.000E+00  0.000E+00 -0.000E+00  0.000E+00  0.000E+00 -0.000E+00  0.000E+00
   38    49.500 -0.000E+00  0.000E+00  0.000E+00  0.000E+00  0.000E+00  0.000E+00  0.000E+00 -0.000E+00  0.000E+00  0.000E+00 -0.000E+00  0.000E+00
   39    49.500 -0.000E+00  0.000E+00  0.000E+00  0.000E+00  0.000E+00  0.000E+00  0.000E+00 -0.000E+00  0.000E+00  0.000E+00 -0.000E+00  0.000E+00
   40    49.500 -0.000E+00  0.000E+00  0.000E+00  0.000E+00  0.000E+00  0.000E+00  0.000E+00 -0.000E+00  0.000E+00  0.000E+00 -0.000E+00  0.000E+00
   41    49.500 -0.000E+00  0.000E+00  0.000E+00  0.000E+00  0.000E+00  0.000E+00  0.000E+00 -0.000E+00  0.000E+00  0.000E+00 -0.000E+00  0.000E+00
   42    49.500 -0.000E+00  0.000E+00  0.000E+00  0.000E+00  0.000E+00  0.000E+00  0.000E+00 -0.000E+00  0.000E+00  0.000E+00 -0.000E+00  0.000E+00
   43    49.500 -0.000E+00  0.000E+00  0.000E+00  0.000E+00  0.000E+00  0.000E+00  0.000E+00 -0.000E+00  0.000E+00  0.000E+00 -0.000E+00  0.000E+00
   44    49.500 -0.000E+00  0.000E+00  0.000E+00  0.000E+00  0.000E+00  0.000E+00  0.000E+00 -0.000E+00  0.000E+00  0.000E+00 -0.000E+00  0.000E+00
   45    49.500 -0.000E+00  0.000E+00  0.000E+00  0.000E+00  0.000E+00  0.000E+00  0.000E+00 -0.000E+00  0.000E+00  0.000E+00 -0.000E+00  0.000E+00
   46    49.500 -0.000E+00  0.000E+00  0.000E+00  0.000E+00  0.000E+00  0.000E+00  0.000E+00 -0.000E+00  0.000E+00  0.000E+00 -0.000E+00  0.000E+00
   47    49.500 -0.000E+00  0.000E+00  0.000E+00  0.000E+00  0.000E+00  0.000E+00  0.000E+00 -0.000E+00  0.000E+00  0.000E+00 -0.000E+00  0.000E+00
   48    49.500 -0.000E+00  0.000E+00  0.000E+00  0.000E+00  0.000E+00  0.000E+00  0.000E+00 -0.000E+00  0.000E+00  0.000E+00 -0.000E+00  0.000E+00
   49    49.500 -0.000E+00  0.000E+00  0.000E+00  0.000E+00  0.000E+00  0.000E+00  0.000E+00 -0.000E+00  0.000E+00  0.000E+00 -0.000E+00  0.000E+00
   50    49.500 -0.000E+00  0.000E+00  0.000E+00  0.000E+00  0.000E+00  0.000E+00  0.000E+00 -0.000E+00  0.000E+00  0.000E+00 -0.000E+00  0.000E+00
   51    49.500 -0.000E+00  0.000E+00  0.000E+00  0.000E+00  0.000E+00  0.000E+00  0.000E+00 -0.000E+00  0.000E+00  0.000E+00 -0.000E+00  0.000E+00
   52    49.500 -0.000E+00  0.000E+00  0.000E+00  0.000E+00  0.000E+00  0.000E+00  0.000E+00 -0.000E+00  0.000E+00  0.000E+00 -0.000E+00  0.000E+00
   53    49.500 -0.000E+00  0.000E+00  0.000E+00  0.000E+00  0.000E+00  0.000E+00  0.000E+00 -0.000E+00  0.000E+00  0.000E+00 -0.000E+00  0.000E+00
   54    49.500 -0.000E+00  0.000E+00  0.000E+00  0.000E+00  0.000E+00  0.000E+00  0.000E+00 -0.000E+00  0.000E+00  0.000E+00 -0.000E+00  0.000E+00
   55    48.500 -0.000E+00  0.000E+00  0.000E+00  0.000E+00  0.000E+00  0.000E+00  0.000E+00 -0.000E+00  0.000E+00  0.000E+00 -0.000E+00  0.000E+00
   56    50.000 -0.000E+00  0.000E+00  0.000E+00  0.000E+00  0.000E+00  0.000E+00  0.000E+00 -0.000E+00  0.000E+00  0.000E+00 -0.000E+00  0.000E+00
   57    50.000 -0.000E+00  0.000E+00  0.000E+00  0.000E+00  0.000E+00  0.000E+00  0.000E+00 -0.000E+00  0.000E+00  0.000E+00 -0.000E+00  0.000E+00
   58    49.670 -0.000E+00  0.000E+00  0.000E+00  0.000E+00  0.000E+00  0.000E+00  0.000E+00 -0.000E+00  0.000E+00  0.000E+00 -0.000E+00  0.000E+00
   59    49.660 -0.000E+00  0.000E+00  0.000E+00  0.000E+00  0.000E+00  0.000E+00  0.000E+00 -0.000E+00  0.000E+00  0.000E+00 -0.000E+00  0.000E+00
   60    52.170 -0.000E+00  0.000E+00  0.000E+00  0.000E+00  0.000E+00  0.000E+00  0.000E+00 -0.000E+00  0.000E+00  0.000E+00 -0.000E+00  0.000E+00
___________________________________________________________________________________________
