           1           1           1   10.0000000       3.50000000       3.57153344      -7.15334415E-02           2
   0.00000000       0.00000000    
   1.04604769       9.28186439E-03
  -3.33146239E-03   0.00000000    
  -0.00000000      -0.00000000    
  -2.68339968      -3.19741406E-02
           1           1           1   11.0000000       3.50000000       3.58538508      -8.53850842E-02           2
   0.00000000       0.00000000    
   1.05308819       1.22647509E-02
  -3.95171344E-03   0.00000000    
  -0.00000000      -0.00000000    
  -2.81328106      -4.39984053E-02
           1           3           1   11.0000000       1.00000005E-03   0.00000000       1.00000005E-03           2
   0.00000000       0.00000000    
   0.00000000       0.00000000    
   0.00000000       0.00000000    
   0.00000000       0.00000000    
   8.18876550E-02   1.28068449E-03
           1           1           2   11.0000000       4.00000000       4.39226818     -0.392268181               2
   0.00000000       0.00000000    
   1.20089889      0.355859250    
  -3.70854512E-02   0.00000000    
  -0.00000000      -0.00000000    
  -3.20815134      -1.27660477    
           1           2           1   11.0000000       3.50000000       3.43399143       6.60085678E-02           2
   0.00000000       0.00000000    
  0.980119109      -2.06941962E-02
   2.51861382E-03   0.00000000    
   0.00000000       0.00000000    
  -1.73202395      -2.70880461E-02
           1           2           1   11.0000000       4.50000000       3.43399143       1.06600857               2
   0.00000000       0.00000000    
  0.980119109      -2.06941962E-02
   2.51861382E-03   0.00000000    
   0.00000000       0.00000000    
  -1.73202395      -2.70880461E-02
           2           1           1   11.0000000       3.50000000       3.22388959      0.276110411               2
   8.08142275E-02   1.90955598E-05
  0.795590997       3.19694192E-03
  -1.51851773E-03   0.00000000    
 -0.370100260      -1.16601121E-04
  -2.12538815      -1.14686666E-02
           2           3           1   11.0000000       1.00000005E-03   0.00000000       1.00000005E-03           2
   0.00000000       0.00000000    
   0.00000000       0.00000000    
   0.00000000       0.00000000    
   1.33240409E-02   4.19777598E-06
   7.65164420E-02   4.12885362E-04
           2           1           1   13.0000000       3.50000000       3.23921299      0.260787010               2
   8.64129290E-02   6.20805586E-05
  0.803019166       8.36635008E-03
  -3.24119907E-03   0.00000000    
 -0.423310339      -4.05484723E-04
  -2.29468393      -3.21042687E-02
           2           2           1   11.0000000       3.50000000       3.16427493      0.335725069               2
   5.71610108E-02  -1.12916830E-04
  0.762703896      -1.54580539E-02
   5.63525967E-03   0.00000000    
 -0.221285224      -6.97165306E-05
  -1.27078271      -6.85718656E-03
           2           2           1   12.0000000       3.50000000       3.14152980      0.358470201               2
   5.15833758E-02  -2.00628449E-04
  0.755849659      -2.36292444E-02
   7.48062041E-03   0.00000000    
 -0.244638950      -1.38737843E-04
  -1.36846924      -1.22778639E-02
