           1           1           1   10.0000000       3.50000000       3.56258869      -6.25886917E-02           2
   0.00000000       0.00000000    
   1.04349208       9.28186439E-03
  -3.33146239E-03   0.00000000    
  -0.00000000      -0.00000000    
  -2.68339968      -3.19741406E-02
           1           1           1   11.0000000       3.50000000       3.57600737      -7.60073662E-02           2
   0.00000000       0.00000000    
   1.05040884       1.22647509E-02
  -3.95171344E-03   0.00000000    
  -0.00000000      -0.00000000    
  -2.81328106      -4.39984053E-02
           1           3           1   11.0000000       1.00000005E-03   2.72958801E-04   7.27041275E-04           2
   0.00000000       0.00000000    
   0.00000000       0.00000000    
   0.00000000       0.00000000    
   0.00000000       0.00000000    
   8.18876550E-02   1.28068449E-03
           1           1           2   11.0000000       4.00000000       4.38157415     -0.381574154               2
   0.00000000       0.00000000    
   1.19784355      0.355859250    
  -3.70854512E-02   0.00000000    
  -0.00000000      -0.00000000    
  -3.20815134      -1.27660477    
           1           2           1   11.0000000       3.50000000       3.42821789       7.17821121E-02           2
   0.00000000       0.00000000    
  0.978416443      -2.07548141E-02
   2.51861382E-03   0.00000000    
   0.00000000       0.00000000    
  -1.73202395      -2.70880461E-02
           1           2           1   11.0000000       4.50000000       3.42821789       1.07178211               2
   0.00000000       0.00000000    
  0.978416443      -2.07548141E-02
   2.51861382E-03   0.00000000    
   0.00000000       0.00000000    
  -1.73202395      -2.70880461E-02
           2           1           1   11.0000000       3.50000000       3.21618819      0.283811808               2
   8.07114169E-02   1.90955598E-05
  0.793566823       3.19694192E-03
  -1.51851773E-03   0.00000000    
 -0.370100260      -1.16601121E-04
  -2.12538815      -1.14686666E-02
           2           3           1   11.0000000       1.00000005E-03   2.77261570E-04   7.22738449E-04           2
   0.00000000       0.00000000    
   0.00000000       0.00000000    
   0.00000000       0.00000000    
   1.33240409E-02   4.19777598E-06
   7.65164420E-02   4.12885362E-04
           2           1           1   13.0000000       3.50000000       3.23085856      0.269141436               2
   8.62953439E-02   6.20805586E-05
  0.800833762       8.36635008E-03
  -3.24119907E-03   0.00000000    
 -0.423310339      -4.05484723E-04
  -2.29468393      -3.21042687E-02
           2           2           1   11.0000000       3.50000000       3.15967035      0.340329647               2
   5.70581742E-02  -1.13162692E-04
  0.761459827      -1.54927792E-02
   5.63525967E-03   0.00000000    
 -0.221285224      -6.97165306E-05
  -1.27078271      -6.85718656E-03
           2           2           1   12.0000000       3.50000000       3.13656068      0.363439322               2
   5.14621474E-02  -2.01053816E-04
  0.754508078      -2.36813910E-02
   7.48062041E-03   0.00000000    
 -0.244638950      -1.38737843E-04
  -1.36846924      -1.22778639E-02
