0.616884        -130
0.672717        -130
0.733603        -132
0.800000        -135
0.872406        -141
0.951366        -145
1.037472        -145
1.131371        -145
1.233769        -144
1.345434        -143
1.467206        -141
1.600000        -140
1.744812        -138
1.902731        -137
2.074943        -135
2.262742        -133
2.467537        -131
2.690869        -129
2.934413        -127
3.200000        -124
3.489625        -122
3.805463        -120
4.149887        -120
4.525484        -119
4.935075        -119
5.381737        -119
5.868826        -119
6.400000        -120
6.979249        -122
7.610926        -125
8.299773        -129
9.050967        -133
9.870150        -140
10.763474       -142
11.737652       -144
12.800000       -146
13.958499       -148
15.221851       -151
16.599546       -152
18.101934       -154
19.740299       -157
21.526949       -158
23.475304       -159
25.600000       -162
27.916998       -163
30.443703       -163
33.199093       -162
36.203869       -162
39.480598       -161
43.053898       -161
46.950607       -160
51.200001       -159
55.833996       -157
60.887405       -156
66.398186       -156
72.407738       -154
78.961197       -154
86.107796       -153
93.901215       -152
102.400002      -151
111.667992      -149
121.774811      -149
132.796371      -147
144.815475      -146
157.922394      -146
172.215591      -141
